-	(ARGM-DIS*)	
-	*	
-	(ARG0*)	
V	(V*)	
-	*	
-	(ARG1*)	
-	*	

-	*	
-	*	
-	(ARG0*)	
V	(V*)	
-	(ARG2*	
-	*	
-	*	
-	*	
-	*	
-	*	
-	*	
-	*	
-	*	
-	*	
-	*)	
-	(ARG1*	
-	*	
-	*	
-	*	
-	*	
-	*	
-	*)	
-	*	

-	
-	
-	
-	
-	
-	
-	
-	
-	

-	*	*	*	
-	*	(ARGM-ADV*)	*	
-	*	*	*	
-	*	*	*	
-	*	*	*	
V	(V*)	*	(ARG1*)	
-	*	(ARGM-MOD*)	*	
V	*	(V*)	*	
-	*	(ARG2*)	*	
-	*	*	*	
-	*	*	*	
-	*	*	*	
-	*	*	*	
-	*	*	*	
-	*	*	*	
-	*	*	(ARG1*	
-	*	*	*	
-	*	*	*)	
-	*	*	(ARG1*)	
V	*	*	(V*)	
-	*	*	(ARG2*	
-	*	*	*	
-	*	*	*	
-	*	*	*)	
-	*	*	*	

-	*	*	*	*	*	*	*	*	
-	*	(ARGM-TMP*)	*	*	*	*	*	*	
V	(V*)	(ARG0*)	*	*	*	*	*	*	
V	*	(V*)	*	*	*	*	*	*	
-	*	(ARG1*	*	*	*	*	*	*	
-	*	*	*	*	*	*	*	*	
-	*	*	*	*	*	*	*	*	
V	*	*)	(V*)	*	*	*	*	*	
-	*	*	*	*	*	*	*	*	
-	*	(ARG1*	*	(ARG0*)	*	*	*	*	
-	*	*	*	(ARGM-MOD*)	*	*	*	*	
V	*	*	*	(V*)	*	*	*	*	
-	*	*	*	(ARG1*	*	*	*	*	
-	*	*)	*	*)	*	*	*	*	
-	*	*	*	*	*	(ARG0*)	*	*	
V	*	*	*	*	(V*)	(ARGM-MOD*)	*	*	
-	*	*	*	*	*	(ARGM-NEG*)	*	*	
V	*	*	*	*	*	(V*)	*	*	
-	*	*	*	*	*	(ARG2*)	*	*	
-	*	*	*	*	*	*	*	*	
-	*	*	*	*	*	*	*	*	
-	*	*	*	*	*	*	(ARG1*)	*	
V	*	*	*	*	*	*	(V*)	*	
-	*	*	*	*	*	*	*	*	
-	*	*	*	*	*	*	(ARG2*)	*	
-	*	*	*	*	*	*	*	(ARG2*	
-	*	*	*	*	*	*	*	*)	
-	(ARG1*	*	*	*	*	*	*	*	
-	*	*	*	*	*	*	*	*	
V	*)	*	*	*	*	*	*	(V*)	
-	*	*	*	*	*	*	*	*	

-	(ARG1*)	
V	(V*)	
-	(ARG2*	
-	*	
-	*	
-	*	
-	*)	

V	(V*)	*	
-	*	(ARG0*)	
V	*	(V*)	
-	*	(ARG1*)	
-	*	(ARG2*	
-	*	*)	
-	*	(ARGM-TMP*)	
-	*	*	

-	(ARG2*)	
V	(V*)	
-	(ARG1*)	
-	*	
-	*	
-	*	
-	*	

V	(ARG2*)	
-	(ARG2*)	
-	(ARG2*	
-	*	
-	*	
-	*)	

-	*	(ARG0*)	
V	(V*)	*	
V	*	(V*)	
-	*	(ARG2*)	
-	*	(ARGM-MNR*	
-	*	*	
-	*	*)	
-	*	*	

-	(ARG0*)	*	*	*	*	*	
V	(V*)	*	*	*	*	*	
-	*	*	*	*	*	*	
-	*	*	*	*	*	*	
-	(ARG1*)	*	*	*	*	*	
-	*	(ARG0*)	*	*	*	*	
-	*	(ARGM-MOD*)	*	*	*	*	
V	*	(V*)	*	*	*	*	
-	*	(ARG1*	*	(ARG1*	*	*	
-	*	*	*	*)	*	*	
V	*	*	(V*)	*	*	*	
-	*	*	*	(ARGM-NEG*)	*	*	
V	*	*	*	(V*)	*	*	
-	*	*	*	(ARG1*	*	*	
-	*	*	*	*)	*	*	
-	*	*)	*	(ARGM-TMP*)	*	*	
-	*	*	*	*	*	*	
-	*	*	*	*	*	*	
-	*	*	*	*	(ARG0*)	*	
V	*	*	*	*	(V*)	*	
-	*	*	*	*	(ARG1*	(ARG0*)	
-	*	*	*	*	*	(ARGM-MOD*)	
V	*	*	*	*	*	(V*)	
-	*	*	*	*	*)	(ARG1*)	
-	*	*	*	*	*	*	
-	*	*	*	*	*	*	
-	*	*	*	*	*	*	
-	*	*	*	*	*	*	

-	*	(ARG0*	*	*	*	*	
-	*	*	*	*	*	*	
-	*	*	*	*	*	*	
-	*	*	*	*	*	*	
V	(V*)	*)	*	*	*	*	
V	*	(V*)	*	*	*	*	
-	*	(ARG2*)	*	*	*	*	
-	*	(ARG1*	*	*	*	*	
-	*	*	*	*	*	*	
-	*	*	*	*	*	*	
V	*	*)	(V*)	*	*	*	
-	*	*	*	*	*	*	
-	*	*	*	*	(ARG1*)	*	
V	*	*	*	(V*)	*	*	
-	*	*	*	*	*	*	
V	*	*	*	*	(V*)	*	
-	*	*	*	*	*	*	
V	*	*	*	*	(ARG1*	(V*)	
-	*	*	*	*	*	(ARGM-LOC*	
-	*	*	*	*	*	*	
-	*	*	*	*	*)	*)	
-	*	*	*	*	*	*	

V	(V*)	*	
-	(ARG1*)	*	
-	(ARG1*	*	
V	*	(V*)	
-	*)	(ARG1*)	
-	*	*	

-	(ARG0*)	*	
V	(V*)	*	
-	(ARG1*	*	
-	*	*	
V	*	(V*)	
-	*	*	
-	*	*	
-	*	(ARG1*)	
-	*	*	
-	*	*	
-	*)	*	
-	*	*	

-	(ARG0*)	*	*	
-	*	*	*	
-	*	*	*	
-	(ARG0*)	*	*	
V	(V*)	*	*	
-	(ARG1*	*	*	
-	*	*	*	
-	*	*	*	
V	*	(V*)	*	
V	*	*	(V*)	
-	*	*	(ARG1*	
-	*	*	*	
-	*)	*	*)	

-	(ARG0*	*	
-	*	*	
-	*	*	
-	*	*	
-	*	*	
-	*)	*	
V	(V*)	*	
V	(ARG1*)	(V*)	
-	(ARGM-ADJ*	*	
-	*	*	
-	*)	*	
-	(ARG1*)	*	
-	*	*	

V	(V*)	
-	(ARG1*	
-	*)	
-	(ARG1*	
-	*	
-	*	
-	*)	
-	*	

-	(ARG0*)	*	*	*	
V	(V*)	*	*	*	
-	(ARG1*	*	*	*	
V	*	(V*)	*	*	
-	*	(ARG1*	*	*	
-	*	*	*	*	
-	*	*)	*	*	
-	*	(ARG1*	(ARG1*)	*	
V	*	*	(V*)	*	
V	*	*)	*	(V*)	
-	*)	*	*	*	

-	*	(ARG1*	*	*	*	*	*	
-	(ARGM-ADJ*)	*	*	*	*	*	*	
V	(V*)	*)	*	*	*	*	*	
-	*	*	*	*	*	*	*	
V	*	(V*)	*	*	*	*	*	
-	*	*	*	*	*	*	*	
-	*	*	*	*	*	*	*	
V	*	*	(V*)	*	*	*	*	
-	*	*	(ARG2*	*	*	*	*	
-	*	*	*	*	*	*	*	
-	*	*	*	*	*	*	*	
V	*	*	*	(V*)	*	*	*	
V	*	*	*)	*	(V*)	*	*	
-	*	*	*	*	*	*	(ARG1*	
-	*	*	*	*	*	*	*	
-	*	*	*	*	*	*	*	
-	*	*	*	*	*	*	*)	
-	*	*	*	*	(ARG2*	*	*	
-	*	*	*	*	*	*	*	
V	*	*	*	*	*	(V*)	*	
-	*	*	*	*	*	*	*	
-	*	*	*	*	*	*	*	
V	*	*	*	*	*	*	(V*)	
-	*	*	*	*	*)	*	*	

V	(V*)	*	*	*	*	*	*	*	
-	(ARG1*)	*	*	*	*	*	*	*	
V	(ARG1*	(V*)	*	*	*	*	*	*	
-	*	(ARG1*	*	*	*	*	*	*	
V	*	*	(V*)	*	*	*	*	*	
-	*	*	*	*	*	*	*	*	
-	*)	*	*	*	*	*	*	*	
-	*	*	*	*	*	*	*	*	
-	*	*	*	*	*	*	*	*	
-	*	*	*	*	*	*	*	*	
-	(ARG1*	*	*	*	*	*	*	*	
-	*	*	*	*	*	*	*	*	
-	*	*	*	*	*	*	*	*	
-	*	*	*	*	*	*	*	*	
-	*	*	*	*	*	*	*	*	
-	*)	*)	*	*	*	*	*	*	
V	*	*	*	(V*)	*	(ARG1*	*	*	
-	*	*	*	*	*	*	*	*	
-	*	*	*	*	*	*	*	*	
V	*	*	*	*	(V*)	*	*	*	
-	*	*	*	*	*	*	*	*	
-	*	*	*	*	*	*)	*	*	
V	*	*	*	*	*	(V*)	*	*	
-	*	*	*	*	*	*	*	*	
-	*	*	*	*	*	(ARG1*	*	*	
-	*	*	*	*	*	*	*	*	
-	*	*	*	*	*	*	*	*	
-	*	*	*	*	*	*	*	*	
-	*	*	*	*	*	*)	*	*	
-	*	*	*	*	*	*	(ARG0*)	*	
-	*	*	*	*	*	*	(ARGM-MOD*)	*	
V	*	*	*	*	*	*	(V*)	*	
-	*	*	*	*	*	*	*	*	
-	*	*	*	*	*	*	(ARGM-ADV*	(ARG0*)	
V	*	*	*	*	*	*	*	(V*)	
-	*	*	*	*	*	*	*	(ARG1*	
-	*	*	*	*	*	*	*	*	
-	*	*	*	*	*	*	*	*	
-	*	*	*	*	*	*	*	*	
-	*	*	*	*	*	*	*	*	
-	*	*	*	*	*	*	*)	*)	
-	*	*	*	*	*	*	*	*	

-	(ARG1*)	*	*	*	
V	(V*)	*	*	*	
-	*	*	*	*	
V	(ARG2*)	(V*)	*	*	
-	*	*	*	*	
-	*	*	*	*	
-	(ARG2*)	*	*	*	
-	*	*	*	*	
V	*	*	(V*)	*	
-	(ARGM-TMP*	*	*	*	
-	*	*	*	*	
V	*)	*	*	(V*)	

-	*	*	*	*	*	*	*	*	*	*	*	*	*	*	*	*	
-	*	(ARG0*)	*	*	*	*	*	*	*	*	*	*	*	*	*	*	
V	(V*)	*	*	*	*	*	*	*	*	*	*	*	*	*	*	*	
-	*	(ARGM-NEG*)	*	*	*	*	*	*	*	*	*	*	*	*	*	*	
V	*	(V*)	*	*	*	*	*	*	*	*	*	*	*	*	*	*	
-	*	(ARG1*	*	*	*	*	*	*	*	*	*	*	*	*	*	*	
V	*	*	(V*)	*	*	*	*	*	*	*	*	*	*	*	*	*	
-	*	*	(ARG1*	*	*	*	*	*	*	*	*	*	*	*	*	*	
-	*	*)	*)	*	*	*	*	*	*	*	*	*	*	*	*	*	
-	*	*	*	*	*	*	*	*	*	*	*	*	*	*	*	*	
-	*	*	*	(ARG0*)	*	*	*	*	*	*	*	*	*	*	*	*	
-	*	*	*	(ARGM-MOD*)	*	*	*	*	*	*	*	*	*	*	*	*	
V	*	*	*	(V*)	*	*	*	*	*	*	*	*	*	*	*	*	
-	*	*	*	*	*	*	*	*	*	*	*	*	*	*	*	*	
-	*	*	*	*	*	*	*	*	*	*	*	*	*	*	*	*	
-	*	*	*	*	*	*	*	*	*	*	*	*	*	*	*	*	
V	*	*	*	*	(V*)	*	*	*	*	*	*	*	*	*	*	*	
-	*	*	*	*	(ARG2*	*	*	*	*	*	*	*	*	*	*	*	
-	*	*	*	*	*)	*	*	*	*	*	*	*	*	*	*	*	
-	*	*	*	*	*	*	*	*	*	*	*	*	*	*	*	*	
-	*	*	*	*	*	*	(ARG0*)	*	*	*	*	*	*	*	*	*	
V	*	*	*	*	*	(V*)	(ARGM-MOD*)	*	*	*	*	*	*	*	*	*	
-	*	*	*	*	*	*	(ARGM-NEG*)	*	*	*	*	*	*	*	*	*	
V	*	*	*	*	*	*	(V*)	*	*	*	*	*	*	*	*	*	
-	*	*	*	*	*	*	(ARG1*	*	*	*	*	*	*	*	*	*	
V	*	*	*	*	*	*	*	(V*)	*	*	*	*	*	*	*	*	
-	*	*	*	*	*	*	*	(ARG1*)	*	*	*	*	*	*	*	*	
-	*	*	*	*	*	*	*	*	*	*	*	*	*	*	*	*	
-	*	*	*	*	*	*	*	(ARG1*)	*	*	*	*	*	*	*	*	
-	*	*	*	*	*	*	*	(ARGM-LOC*	*	*	*	*	*	*	*	*	
-	*	*	*	*	*	*	*	*	*	*	*	*	*	*	*	*	
-	*	*	*	*	*	*	*	*	*	*	*	*	*	*	*	*	
-	*	*	*	*	*	*	*)	*)	*	*	*	*	*	*	*	*	
-	*	*	*	*	*	*	*	*	*	*	*	*	*	*	*	*	
-	*	*	*	*	*	*	*	*	*	*	*	*	*	*	*	*	
-	*	*	*	*	*	*	*	*	*	*	*	*	*	*	*	*	
-	*	*	*	*	*	*	*	(ARG1*	*	*	*	*	*	*	*	*	
V	*	*	*	*	*	*	*	*	(V*)	*	*	*	*	*	*	*	
-	*	*	*	*	*	*	*	*	*	*	*	*	*	*	*	*	
V	*	*	*	*	*	*	*	*	*	(V*)	(ARG1*)	*	*	*	*	*	
-	*	*	*	*	*	*	*	*	*	*	*	*	*	*	*	*	
-	*	*	*	*	*	*	*	*	*	*	(ARG1*)	*	*	*	*	*	
V	*	*	*	*	*	*	*	*	*	*	(V*)	*	*	*	*	*	
V	*	*	*	*	*	*	*	*	*	*	(ARG2*)	(V*)	*	*	*	*	
-	*	*	*	*	*	*	*	*	*	*	*	*	*	*	*	*	
-	*	*	*	*	*	*	*	*	*	*	*	*	(ARG0*)	*	*	*	
-	*	*	*	*	*	*	*	*	*	*	*	*	*	*	*	*	
V	*	*	*	*	*	*	*	*	*	*	*	*	(V*)	*	*	*	
-	*	*	*	*	*	*	*	*	*	*	*	*	(ARG1*)	*	*	*	
-	*	*	*	*	*	*	*	*	*	*	*	*	*	*	*	*	
-	*	*	*	*	*	*	*	*	*	*	*	*	(ARG1*)	*	*	*	
-	*	*	*	*	*	*	*	*	*	*	*	*	(ARG1*	(ARG0*)	*	*	
-	*	*	*	*	*	*	*	*	*	*	*	*	*	(ARGM-MOD*)	*	*	
V	*	*	*	*	*	*	*	*	*	*	*	*	*	(V*)	*	*	
-	*	*	*	*	*	*	*	*	*	*	*	*	*	(ARG1*	*	*	
-	*	*	*	*	*	*	*	*	*	*	*	*	*	*)	*	*	
-	*	*	*	*	*	*	*	*	*	*	*	*	*	*	*	*	
-	*	*	*	*	*	*	*	*	*	*	*	*	*	(ARG2*)	*	*	
-	*	*	*	*	*	*	*	*	*	*	*	*	*	(ARG1*	(ARG0*)	*	
-	*	*	*	*	*	*	*	*	*	*	*	*	*	*	(ARGM-MOD*)	*	
-	*	*	*	*	*	*	*	*	*	*	*	*	*	*	(ARGM-NEG*)	*	
V	*	*	*	*	*	*	*	*	*	*	*	*	*	*	(V*)	*	
-	*	*	*	*	*	*	*	*	*	*	*	*	*	*	(ARG1*)	*	
-	*	*	*	*	*	*	*	*	*	*	*	*	*	*	(ARGM-TMP*	*	
-	*	*	*	*	*	*	*	*	*	*	*	*	*	*	*	*	
-	*	*	*	*	*	*	*	*	*	*	*	*	*	*	*	*	
-	*	*	*	*	*	*	*	*	*	*	*	*	*	*	*	*	
-	*	*	*	*	*	*	*	*	*	*	*	*	*	*	*	*	
-	*	*	*	*	*	*	*	*	*	*	*	*	*	*	*	(ARG0*)	
V	*	*	*	*	*	*	*	*	*	*	*	*	*	*	*	(V*)	
-	*	*	*	*	*	*	*	*)	*	*	*	*	*)	*)	*)	(ARG2*)	
-	*	*	*	*	*	*	*	*	*	*	*	*	*	*	*	*	
-	*	*	*	*	*	*	*	*	*	*	*	*	*	*	*	(ARG1*	
-	*	*	*	*	*	*	*	*	*	*	*	*	*	*	*	*	
-	*	*	*	*	*	*	*	*	*	*	*	*	*	*	*	*	
-	*	*	*	*	*	*	*	*	*	*	*	*	*	*	*	*	
-	*	*	*	*	*	*	*	*	*	*	*	*	*	*	*	*	
-	*	*	*	*	*	*	*	*	*	*	*	*	*	*	*	*	
-	*	*	*	*	*	*	*	*	*	*	*	*	*	*	*	*	
-	*	*	*	*	*	*	*	*	*	*	*	*	*	*	*	*)	
-	*	*	*	*	*	*	*	*	*	*	*	*	*	*	*	*	

-	(ARGM-DIS*)	
-	(ARGM-MOD*)	
-	(ARG1*	
-	*)	
V	(V*)	
-	(ARG2*	
-	*	
-	*	
-	*)	

-	(ARGM-ADV*	*	
-	*	*	
-	*	*	
-	*)	*	
-	*	*	
-	(ARG0*)	*	
V	(V*)	*	
-	(ARG1*	*	
V	*)	(V*)	
-	*	*	

-	(ARG0*)	*	*	*	
V	(V*)	*	*	*	
-	(ARG1*	*	(ARG0*)	*	
V	*	(V*)	*	*	
V	*	*	(V*)	*	
-	*	*	(ARG1*	*	
-	*	*	*)	*	
-	*	*	(ARGM-PRP*	*	
V	*	*	*	(V*)	
-	*	*	*	(ARG1*	
-	*)	*	*)	*)	
-	*	*	*	*	

-	*	(ARGM-DIS*)	
-	*	(ARG0*	
-	*	*)	
V	(V*)	*	
-	*	(ARGM-NEG*)	
V	*	(V*)	
-	*	(ARG1*	
-	*	*	
-	*	*)	
-	*	*	

-	(ARG0*)	
-	(ARGM-MOD*)	
V	(V*)	
-	(ARG1*	
-	*	
-	*)	
-	*	

-	*	*	
-	*	*	
V	(V*)	*	
-	(ARG1*	*	
V	*)	(V*)	
-	*	*	

-	(ARG0*)	*	*	*	*	*	*	
V	(V*)	*	*	*	*	*	*	
-	(ARG1*	*	*	*	*	*	*	
-	*	*	*	*	*	*	*	
-	*	*	*	*	*	*	*	
-	*	*	*	*	*	*	*	
-	*	*	*	*	*	*	*	
V	*	(V*)	*	*	*	*	*	
-	*	(ARG1*	*	*	*	*	*	
-	*	*	*	*	*	*	*	
-	*	*)	*	*	*	*	*	
-	*	*	*	*	*	*	*	
V	*	*	(V*)	*	*	*	*	
V	*	(ARG2*)	*	(V*)	*	*	*	
-	*	*	*	*	*	*	*	
V	*	*	*	*	(V*)	*	*	
-	*	*	*	*	(ARG1*	*	*	
-	*	*	*	*	*	*	*	
V	*	*	*	*	*)	(V*)	*	
-	*	*	*	*	*	*	*	
-	*	*	*	*	*	*	(ARG0*)	
V	*	*	*	*	*	*	(V*)	
-	*	*	*	*	*	*	(ARG1*	
-	*	*	*	*	*	*	*	
-	*)	*	*	*	*	*	*)	
-	*	*	*	*	*	*	*	

-	*	(ARG1*)	*	*	
V	(V*)	*	*	*	
-	*	*	*	*	
V	*	(V*)	*	*	
V	*	(ARG2*)	(V*)	*	
-	*	*	*	*	
-	*	*	*	*	
-	*	*	*	*	
-	*	*	*	*	
-	*	*	*	*	
-	*	*	*	(ARG1*)	
-	*	(ARGM-ADV*	*	*	
V	*	*)	*	(V*)	
-	*	(ARG2*	*	*	
-	*	*	*	*	
-	*	*	*	*	
-	*	*	*	*	
-	*	*)	*	*	

-	*	*	*	*	*	*	*	
-	*	(ARG1*)	*	*	*	*	*	
V	(V*)	*	*	*	*	*	*	
-	*	*	*	*	*	*	*	
V	*	(V*)	*	*	*	*	*	
-	*	(ARG1*	(ARG0*)	*	*	*	*	
-	*	*	(ARGM-MOD*)	*	*	*	*	
V	*	*	(V*)	*	*	*	*	
-	*	*	(ARG1*	*	*	*	*	
V	*	*	*	(V*)	*	*	*	
-	*	*	*	(ARG1*)	*	*	*	
V	*	*	*	(ARG1*	(V*)	*	*	
-	*	*	*	*	(ARG1*	*	*	
-	*	*	*	*	*	*	*	
-	*	*	*	*	*	*	*	
-	*	*	*	*	*)	*	*	
-	*	*	*	*	(ARG1*	(ARG0*)	*	
-	*	*	*	*	*	(ARGM-MOD*)	*	
-	*	*	*	*	*	(ARGM-NEG*)	*	
-	*	*	*	*	*	*	*	
V	*	*	*	*	*	(V*)	*	
-	*	*	*	*	*	(ARG1*	*	
V	*	*	*	*	*	*	(V*)	
-	*	*	*	*	*	*	(ARG1*	
-	*	*	*	*	*	*	*	
-	*	*)	*)	*)	*)	*)	*)	
-	*	*	*	*	*	*	*	

-	*	*	*	
-	*	(ARG0*)	*	
V	(V*)	*	*	
V	*	(V*)	*	
-	*	(ARG1*	*	
-	*	*	(ARG0*)	
V	*	*	(V*)	
-	*	*	(ARG1*	
-	*	*	*)	
-	*	*	(ARG2*	
-	*	*	*	
-	*	*)	*)	
-	*	*	*	

-	(ARG0*	*	
-	*)	*	
V	(V*)	*	
-	(ARG1*	*	
V	*	(V*)	
-	*)	(ARG1*)	
-	*	*	
-	*	(ARG1*)	
-	*	*	
-	*	*	
-	*	*	
-	*	*	
-	*	*	

-	(ARG1*)	
-	*	
-	(ARG0*)	
V	(V*)	
-	*	

-	(ARG0*)	*	
-	(ARGM-MOD*)	*	
-	(ARG0*)	*	
V	(V*)	*	
-	(ARG1*	*	
-	*)	*	
-	(ARG2*	*	
V	*)	(V*)	
-	*	*	

-	(ARG0*	*	*	
-	*)	*	*	
V	(V*)	*	*	
-	*	*	*	
-	*	*	*	
-	*	*	*	
-	(ARG1*	(ARG0*)	*	
V	*)	(V*)	*	
-	*	*	*	
-	*	(ARG1*)	*	
-	*	*	*	
-	*	*	*	
-	*	*	*	
-	*	*	*	
-	*	*	*	
V	*	*	(V*)	
-	*	*	(ARG1*)	
-	*	*	(ARG1*)	
-	*	*	*	

-	*	(ARG1*)	
V	(V*)	*	
V	*	(V*)	
-	*	(ARG1*)	
-	*	*	

-	*	(ARG1*)	*	
V	(V*)	*	*	
-	*	(ARGM-NEG*)	*	
V	*	(V*)	*	
-	*	(ARG1*	*	
V	*	*	(V*)	
-	*	*)	(ARG1*)	
-	*	*	*	

-	(ARGM-DIS*)	
-	(ARG0*)	
-	(ARGM-MOD*)	
-	(ARGM-NEG*)	
V	(V*)	
-	(ARG1*)	
-	*	

-	*	*	*	*	*	*	*	
V	(V*)	*	*	*	*	*	*	
V	*	(V*)	*	*	*	*	*	
-	*	(ARG1*	*	*	*	*	*	
-	*	*	(ARG0*)	*	*	*	*	
-	*	*	*	*	*	*	*	
V	*	*	(V*)	*	*	*	*	
V	*	*	(ARG1*)	(V*)	*	*	*	
-	*	*	*	*	*	*	*	
-	*	*	(ARG1*	*	*	*	*	
V	*	*	*	*	(V*)	*	*	
-	*	*	*	*	(ARG1*	*	*	
V	*	*	*	*	*)	(V*)	*	
-	*	*	*	*	(ARG2*	*	*	
V	*	*)	*)	*	*)	*	(V*)	
-	*	*	*	*	*	*	*	

-	(ARG1*	*	*	*	*	
-	*)	*	*	*	*	
V	(V*)	*	*	*	*	
-	(ARG1*	*	*	*	*	
-	*)	*	*	*	*	
-	(ARG1*	*	*	*	*	
-	*	*	*	*	*	
-	*	*	*	*	*	
-	*	*	*	*	*	
-	*	*	*	*	*	
-	*)	*	*	*	*	
-	*	*	*	*	*	
-	*	*	*	*	*	
-	*	*	*	*	*	
-	*	*	*	*	*	
-	*	*	*	*	*	
-	*	*	*	*	*	
-	*	(ARG1*	*	*	*	
-	*	*)	*	*	*	
V	*	(V*)	*	*	*	
-	(ARGM-ADJ*	(ARG1*	*	*	*	
-	*	*	*	*	*	
-	*	*	*	*	*	
V	*)	*	(V*)	*	*	
-	*	*)	*	*	*	
-	*	*	*	*	(ARG1*	
-	*	*	*	*	*	
-	*	*	*	*	*)	
V	*	*	*	(V*)	*	
V	*	*	*	*	(V*)	
-	*	*	*	*	(ARGM-TMP*	
-	*	*	*	*	*)	
-	*	*	*	*	*	

-	(ARG0*)	*	*	*	*	*	*	*	
V	(V*)	*	*	*	*	*	*	*	
-	(ARG1*	*	*	*	*	*	*	*	
-	*	*	*	*	*	*	*	*	
-	*	*	*	*	*	*	*	*	
-	*	*	*	*	*	*	*	*	
-	*	*	*	*	*	*	*	*	
-	*	*	*	*	*	*	*	*	
-	*	*	*	*	*	*	*	*	
V	*	(V*)	*	*	*	*	*	*	
-	*	(ARG1*	*	*	*	*	*	*	
-	*	*	*	*	*	*	*	*	
V	*	*	(V*)	*	*	*	*	*	
-	*	*	(ARG1*	*	*	*	*	*	
-	*	*	*	*	*	*	*	*	
-	*	*	*	*	*	*	*	*	
-	*	*	*	*	*	*	*	*	
-	*	*	*	*	*	*	*	*	
-	*	*	*	*	*	*	*	*	
V	*	*	*	(V*)	*	*	*	*	
-	*	*	*	(ARG1*	*	*	*	*	
V	*	*	*	*	(V*)	*	*	*	
-	*)	*)	*)	*)	*	*	*	*	
-	*	*	*	*	*	*	*	*	
-	*	*	*	*	*	*	*	*	
-	*	*	*	*	*	(ARG0*	*	*	
-	*	*	*	*	*	*	*	*	
-	*	*	*	*	*	*)	*	*	
-	*	*	*	*	*	*	*	*	
V	*	*	*	*	*	(V*)	*	*	
-	*	*	*	*	*	(ARG1*	*	*	
-	*	*	*	*	*	*	*	*	
-	*	*	*	*	*	*	*	*	
-	*	*	*	*	*	*	*	*	
-	*	*	*	*	*	*	*	*	
-	*	*	*	*	*	*	(ARG0*)	*	
V	*	*	*	*	*	*	(V*)	*	
-	*	*	*	*	*	*	(ARG2*	*	
-	*	*	*	*	*	*	*	*	
-	*	*	*	*	*	*	*	*	
V	*	*	*	*	*	*	*	(V*)	
-	*	*	*	*	*	*)	*)	*	
-	*	*	*	*	*	*	*	*	
-	*	*	*	*	*	*	*	*	

-	(ARG0*)	*	*	*	*	
V	(V*)	*	*	*	*	
-	*	*	*	*	*	
-	*	*	*	*	*	
-	*	(ARG0*	*	*	*	
-	*	*	*	*	*	
-	*	*	*	*	*	
-	*	*)	*	*	*	
V	*	(V*)	*	*	*	
-	*	(ARG1*	*	*	*	
-	*	*	*	*	*	
-	*	*	*	*	*	
V	*	*	(V*)	*	*	
V	*	*	*	(V*)	*	
-	*	*	*	*	*	
-	*	*	*	(ARG1*)	*	
-	*	*	*	(ARG2*	*	
-	*	*	*	*	*	
-	*	*	*	*)	*	
-	*	*	*	(ARG2*	*	
-	*	*	*	*	*	
V	*	*	*	*	(V*)	
-	*	*	*	*	*	
-	*	*)	*	*)	*	
-	*	*	*	*	*	

V	(V*)	*	*	*	*	*	*	
-	*	*	*	*	*	*	*	
-	*	*	*	*	*	*	*	
-	(ARG0*)	*	*	*	*	*	*	
-	*	*	*	*	*	*	*	
-	*	*	*	*	*	*	*	
-	*	*	*	*	*	*	*	
-	*	*	*	*	*	*	*	
V	*	(V*)	*	*	*	*	*	
-	*	*	*	*	*	*	*	
-	*	(ARG1*)	*	*	*	*	*	
V	*	(ARG1*	(V*)	*	*	*	*	
V	*	*)	*	(V*)	*	*	*	
-	*	(ARGM-PRP*	*	*	*	*	*	
V	*	*	*	*	(V*)	*	*	
-	*	*	*	*	(ARG1*	*	*	
-	*	*	*	*	*)	*	*	
-	*	*	*	*	(ARG2*	*	*	
-	*	*	*	*	*	*	*	
-	*	*	*	*	*	*	*	
-	*	*)	*	*	*)	*	*	
-	*	*	*	*	*	*	*	
-	*	*	*	*	*	(ARG0*)	*	
V	*	*	*	*	*	(V*)	*	
-	*	*	*	*	*	(ARG1*)	*	
-	*	*	*	*	*	(ARG1*	*	
V	*	*	*	*	*	*	(V*)	
-	*	*	*	*	*	*	(ARG1*	
-	*	*	*	*	*	*	*)	
-	*	*	*	*	*	*	(ARGM-LOC*	
-	*	*	*	*	*	*	*	
-	*	*	*	*	*	*)	*)	
-	*	*	*	*	*	*	*	
-	*	*	*	*	*	*	*	

-	(ARG0*	*	
-	*)	*	
V	(V*)	*	
V	(ARG1*)	(V*)	
-	(ARG1*	*	
-	*	*	
-	*	*	
-	*)	*	
-	*	*	

-	*	*	(ARG1*)	*	*	*	*	*	
V	(V*)	*	*	*	*	*	*	*	
-	*	*	*	*	*	*	*	*	
V	*	(V*)	*	*	*	*	*	*	
V	*	*	(V*)	*	*	*	*	*	
-	*	*	(ARG1*	*	*	*	*	*	
-	*	*	*	*	*	*	*	*	
V	*	*	*	(V*)	*	*	*	*	
-	*	*	*	(ARG1*	*	*	*	*	
-	*	*	*	*	*	*	*	*	
-	*	*	*	*	*	*	*	*	
-	*	*	*	*	*	*	*	*	
-	*	*	*)	*)	*	*	*	*	
-	*	*	*	*	*	*	*	*	
-	*	*	*	*	*	*	*	*	
-	*	*	*	*	*	*	*	*	
-	*	*	*	*	(ARG1*)	*	*	*	
-	*	*	*	*	*	*	*	*	
V	*	*	*	*	(V*)	*	*	*	
V	*	*	*	*	(ARG1*)	(V*)	*	*	
-	*	*	*	*	(ARG2*	*	*	*	
-	*	*	*	*	*	*	*	*	
-	*	*	*	*	*)	*	*	*	
-	*	*	*	*	*	*	*	*	
V	*	*	*	*	*	*	(V*)	*	
V	*	*	*	*	*	*	*	(V*)	
-	*	*	*	*	*	*	*	(ARG1*	
-	*	*	*	*	*	*	*	*	
-	*	*	*	*	*	*	*	*	
-	*	*	*	*	*	*	*	*	
-	*	*	*	*	*	*	*	*)	
-	*	*	*	*	*	*	*	*	

-	(ARG0*	*	*	*	
-	*	*	*	*	
-	*	*	*	*	
-	*)	*	*	*	
V	(V*)	*	*	*	
-	(ARG1*	*	*	*	
V	*	(V*)	*	*	
-	*	(ARG1*	*	*	
-	*)	*)	*	*	
-	*	*	*	*	
V	*	*	(V*)	*	
-	*	*	(ARG1*	*	
-	*	*	*	*	
V	*	*	*	(V*)	
-	*	*	*	*	
-	*	*	*)	*	
-	*	*	(ARGM-TMP*	*	
-	*	*	*	*	
-	*	*	*	*	
-	*	*	*	*	
-	*	*	*)	*	
-	*	*	*	*	

-	(ARG0*)	*	*	*	*	*	
V	(V*)	*	*	*	*	*	
-	*	*	*	*	*	*	
-	*	(ARG0*	*	*	*	*	
-	*	*	*	*	*	*	
-	*	*)	*	*	*	*	
V	*	(V*)	*	*	*	*	
-	*	*	*	*	*	*	
-	*	(ARG1*)	*	*	*	*	
-	(ARG1*	*	*	*	*	*	
V	*	*	(V*)	*	*	*	
-	*	*	*	*	*	*	
-	*)	*	*	*	*	*	
-	*	*	*	*	*	*	
V	*	*	*	(V*)	(ARG0*)	*	
-	*	*	*	*	(ARG1*	*	
-	*	*	*	*	*	*	
-	*	*	*	*	*	*	
-	*	*	*	*	*)	*	
-	*	*	*	*	*	*	
-	*	*	*	*	*	*	
-	*	*	*	*	*	*	
-	*	*	*	*	(ARG0*)	*	
V	*	*	*	*	(V*)	*	
-	*	*	*	*	(ARG1*	*	
V	*	*	*	*	*	(V*)	
-	*	*	*	*	*)	(ARG1*)	
-	*	*	*	*	*	*	

V	(V*)	
-	(ARG1*)	

-	*	*	*	*	*	*	*	*	*	
-	*	*	*	*	*	*	*	*	*	
-	(ARG0*)	*	*	*	*	*	*	*	*	
V	(V*)	*	*	*	*	*	*	*	*	
-	(ARG1*	*	*	*	*	*	*	*	*	
V	*	(V*)	*	*	*	*	*	*	*	
-	*	*	*	*	*	*	*	*	*	
-	*	*	(ARG0*	*	*	*	*	*	*	
-	*	*	*	*	*	*	*	*	*	
-	*	*	*	*	*	*	*	*	*	
-	*	*	*)	*	*	*	*	*	*	
V	*	*	(V*)	*	*	*	*	*	*	
-	*	*	(ARG1*	*	*	*	*	*	*	
-	*	*	*	*	*	*	*	*	*	
-	*	*	*	*	*	*	*	*	*	
-	*	*	*	(ARG1*	*	*	*	*	*	
-	*	*	*	*	*	*	*	*	*	
-	*	*	*	*)	*	*	*	*	*	
V	*	*	*	(V*)	*	*	*	*	*	
-	*	*	*	*	*	*	*	*	*	
-	*	*	*	*	*	*	*	*	*	
-	*	*	*	*	(ARGM-TMP*)	*	*	*	*	
V	*	*	*	*	(V*)	*	*	*	*	
-	*	*	*	*	*	*	*	*	*	
-	*	*	*	*	*	*	*	*	*	
-	*	*	*	*	*	*	*	*	*	
-	*	*	*	*	*	*	*	*	*	
-	*	*	*	*	*	*	*	*	*	
-	*	*	*	*	*	*	*	*	*	
-	*	*	*	*	*	*	*	*	*	
-	*	*	*	*	*	*	*	*	*	
V	*	*	*	*	*	(V*)	*	*	*	
-	*	*	*	*	*	(ARG1*	*	*	*	
-	*)	*	*)	*	*	*)	*	*	*	
-	*	*	*	*	*	*	*	*	*	
-	*	*	*	*	*	*	*	*	*	
-	*	*	*	*	*	*	*	*	*	
-	*	*	*	*	*	*	*	*	*	
-	*	*	*	*	*	*	*	*	*	
V	*	*	*	*	*	(ARG1*	(V*)	*	*	
-	*	*	*	*	*	*	*	*	*	
V	*	*	*	*	*	*)	*	(V*)	*	
-	*	*	*	*	*	*	*	*	(ARG0*	
-	*	*	*	*	*	*	*	*	*)	
V	*	*	*	*	*	(ARG2*)	*	*	(V*)	
-	*	*	*	*	*	*	*	*	*	

-	*	(ARG1*	*	
-	*	*	*	
V	(V*)	*)	*	
V	*	(V*)	*	
-	*	*	*	
-	*	*	(ARGM-ADJ*)	
V	*	(ARG2*	(V*)	
-	*	*)	*	

V	(V*)	*	*	*	*	*	
-	(ARG1*	*	*	*	*	*	
-	*)	*	*	*	*	*	
-	*	*	*	*	*	*	
-	*	*	*	*	*	*	
-	*	(ARG0*	*	*	*	*	
-	*	*	*	*	*	*	
-	*	*)	*	*	*	*	
V	*	(V*)	*	*	*	*	
-	*	(ARG1*	*	*	*	*	
-	*	*	*	*	*	*	
-	*	*	*	*	*	*	
-	(ARG1*	*	*	*	*	*	
-	*)	*	*	*	*	*	
-	(ARG1*	*	*	*	*	*	
V	*	*	(V*)	*	*	*	
-	*	*	*	*	*	*	
-	*)	*	*	*	*	*	
-	(ARG1*)	*	*	*	*	*	
-	*	*	*	*	*	*	
-	*	*	*	*	*	*	
-	*	*	*	*	*	*	
-	*	*	*	*	*	*	
-	*	*	*	*	*	*	
-	*	*	*	*	*	*	
-	*	*	*	*	*	*	
-	*	*	*	*	*	*	
-	*	*	*	*	*	*	
-	*	*	*	*	*	*	
-	*	*	*	*	*	*	
-	*	*	*	*	*	*	
-	*	*	*	*	*	*	
-	*	*	*	*	*	*	
-	*	*	*	*	*	*	
-	*	*	*	*	*	*	
-	*	*	*	*	*	*	
-	*	*	*	*	*	*	
-	*	*	*	*	*	*	
-	*	*	*	*	*	*	
-	*	*	*	*	*	*	
-	*	*	*	*	*	*	
-	*	*	*	*	*	*	
-	*	*	*	*	*	*	
-	*	*	*	*	*	*	
-	*	*	*	*	*	*	
-	*	*	*	*	*	*	
-	*	*)	*	*	*	*	
-	*	*	*	*	*	*	
-	*	*	*	(ARG0*)	*	*	
V	*	*	*	(V*)	*	*	
-	*	*	*	*	*	*	
-	*	*	*	*	*	(ARG1*	
-	*	*	*	*	*	*	
-	*	*	*	*	*	*)	
-	*	*	*	*	*	(ARG1*	
V	*	*	*	*	(V*)	*	
-	*	*	*	*	*	*	
-	*	*	*	*	*	*)	
-	*	*	*	*	*	(ARG1*)	
-	*	*	*	*	*	*	
-	*	*	*	*	*	*	
-	*	*	*	*	*	*	
-	*	*	*	*	*	*	
-	*	*	*	*	*	*	
-	*	*	*	*	*	*	
-	*	*	*	*	*	*	
-	*	*	*	*	*	*	
-	*	*	*	*	*	*	
-	*	*	*	*	*	*	
-	*	*	*	*	*	*	
-	*	*	*	*	*	*	
-	*	*	*	*	*	*	
-	*	*	*	*	*	(ARG1*)	
-	*	*	*	*	*	(ARG0*)	
V	*	*	*	*	*	(V*)	
-	*	*	*	*	*	*	

-	(ARG0*)	*	*	
V	(V*)	*	*	
-	*	*	*	
V	*	(V*)	*	
-	*	(ARG1*)	*	
-	*	*	*	
-	*	*	*	
-	*	*	*	
-	*	*	*	
-	*	*	*	
-	*	*	*	
-	*	*	*	
-	*	*	*	
-	*	*	(ARG0*)	
V	*	*	(V*)	
-	*	*	*	

-	(ARG0*)	*	*	
V	(V*)	*	*	
-	(ARG1*	*	*	
-	*)	*	*	
V	(ARG1*)	(V*)	*	
-	*	*	*	
-	*	(ARG1*)	*	
-	*	(ARGM-TMP*	*	
-	*	*)	*	
-	*	*	*	
-	*	*	*	
-	*	*	*	
-	*	*	(ARG1*)	
-	*	*	*	
-	*	*	*	
-	*	*	(ARG0*)	
V	*	*	(V*)	
-	*	*	(ARGM-ADJ*	
-	*	*	*	
-	*	*	*)	
-	*	*	(ARG1*)	
-	*	*	*	
-	*	*	*	
-	*	*	*	

-	(ARG0*)	*	
V	(V*)	*	
-	(ARG1*	*	
-	*	*	
-	*)	*	
-	*	*	
-	*	*	
-	*	*	
-	*	(ARG1*)	
-	*	*	
-	*	*	
V	*	(V*)	
-	*	*	

-	(ARG0*)	*	*	
V	(V*)	*	*	
-	(ARG1*	*	*	
-	*	*	*	
-	*)	*	*	
-	*	*	*	
-	*	*	*	
-	*	*	*	
-	*	(ARG1*)	*	
V	*	(V*)	*	
-	*	(ARGM-TMP*)	*	
-	*	*	*	
-	*	*	*	
-	*	*	*	
-	*	*	(ARG0*)	
V	*	*	(V*)	
-	*	*	*	
-	*	*	*	
-	*	*	*	
-	*	*	*	
-	*	*	*	
-	*	*	*	
-	*	*	*	
-	*	*	*	
-	*	*	*	
-	*	*	*	
-	*	*	*	
-	*	*	*	
-	*	*	*	
-	*	*	*	
-	*	*	*	
-	*	*	*	
-	*	*	*	
-	*	*	*	
-	*	*	*	
-	*	*	*	

-	(ARG0*)	*	
V	(V*)	*	
-	(ARG1*	*	
-	*	*	
-	*)	*	
-	*	*	
-	*	*	
-	*	*	
-	(ARGM-TMP*)	*	
-	*	*	
-	*	(ARG0*)	
V	*	(V*)	
-	*	*	
-	*	(ARGM-ADJ*	
-	*	*)	
-	*	(ARG1*)	
-	*	*	
-	(ARG1*)	*	
-	*	*	

-	(ARG0*)	*	*	
-	*	*	*	
V	(V*)	*	*	
-	(ARG1*)	*	*	
-	(ARG1*	*	*	
-	*)	*	*	
-	(ARG2*)	*	*	
-	(ARG1*	*	*	
V	*	(V*)	*	
-	*	(ARG1*	*	
-	*	*	*	
-	*)	*)	*	
-	*	*	*	
-	*	*	*	
-	*	*	(ARG0*)	
-	*	*	(ARGM-MOD*)	
V	*	*	(V*)	
-	*	*	*	
-	*	*	*	
-	*	*	*	
-	*	*	*	
-	*	*	(ARG1*)	
-	*	*	(ARG1*)	
-	*	*	*	

-	(ARG0*)	*	*	*	
-	(ARGM-MOD*)	*	*	*	
V	(V*)	*	*	*	
-	(ARG1*)	*	*	*	
-	(ARG1*	*	*	*	
-	*	*	*	*	
-	*)	*	*	*	
-	*	*	*	*	
V	(ARGM-TMP*)	(V*)	*	*	
-	*	*	*	*	
-	*	*	(ARG1*)	*	
V	*	*	(V*)	*	
V	*	*	(ARG2*)	(V*)	
-	*	*	*	*	

-	*	*	*	*	*	(ARG1*	*	*	*	*	
-	*	*	*	*	*	*	*	*	*	*	
-	*	*	*	*	*	*	*	*	*	*	
-	*	*	*	*	*	*	*	*	*	*	
-	*	*	*	*	*	*	*	*	*	*	
-	*	*	*	*	*	*	*	*	*	*	
-	*	*	*	*	*	*)	*	*	*	*	
-	*	*	*	*	*	*	*	*	*	*	
-	*	*	*	*	*	*	*	*	*	*	
-	*	*	*	*	*	*	*	*	*	*	
-	*	*	*	*	*	*	*	*	*	*	
-	*	*	*	*	*	*	*	*	*	*	
V	(V*)	*	*	*	*	*	*	*	*	*	
-	*	*	*	*	*	*	*	*	*	*	
-	*	*	*	*	*	*	*	*	*	*	
-	*	*	*	*	*	*	*	*	*	*	
V	*	(V*)	*	*	*	*	*	*	*	*	
-	*	*	*	*	*	*	*	*	*	*	
-	*	*	(ARG1*)	*	*	*	*	*	*	*	
V	*	*	(V*)	*	*	*	*	*	*	*	
-	*	*	(ARG2*	*	*	*	*	*	*	*	
-	*	*	*	*	*	*	*	*	*	*	
-	*	*	*	*	*	*	*	*	*	*	
-	*	*	*	*	*	*	*	*	*	*	
-	*	*	*)	*	*	*	*	*	*	*	
-	*	*	*	*	*	*	*	*	*	*	
-	*	*	*	*	*	*	*	*	*	*	
-	*	*	*	*	*	*	*	*	*	*	
-	*	*	*	*	*	*	*	*	*	*	
-	*	*	*	*	*	*	*	*	*	*	
-	*	*	*	*	*	*	*	*	*	*	
-	*	*	*	*	*	*	*	*	*	*	
-	*	*	*	*	*	*	*	*	*	*	
-	*	*	*	*	*	*	*	*	*	*	
-	*	*	*	*	*	*	*	*	*	*	
-	*	*	*	*	*	(ARG1*	*	*	*	*	
V	*	*	*	(V*)	*	*)	*	*	*	*	
-	*	*	*	*	*	(ARGM-MOD*)	*	*	*	*	
-	*	*	*	*	*	(ARGM-NEG*)	*	*	*	*	
-	*	*	*	*	*	*	*	*	*	*	
V	*	*	*	*	(V*)	*	*	*	*	*	
V	*	*	*	*	*	(V*)	*	*	*	*	
-	*	*	*	*	*	*	*	*	*	*	
-	*	*	*	*	*	(ARGM-TMP*)	*	*	*	*	
-	*	*	*	*	*	*	*	*	*	*	
V	*	*	*	*	*	*	(V*)	*	*	*	
-	*	*	*	*	*	*	*	*	*	*	
V	*	*	*	*	*	*	*	(V*)	*	*	
-	*	*	*	*	*	*	*	*	*	(ARG0*)	
V	*	*	*	*	*	*	*	*	(V*)	(ARGM-ADV*)	
V	*	*	*	*	*	*	*	*	*	(V*)	
-	*	*	*	*	*	*	*	*	*	(ARG1*)	
-	*	*	*	*	*	*	*	*	*	(ARG1*)	
-	*	*	*	*	*	*	*	*	*	*	
-	*	*	*	*	*	*	*	*	*	(ARG1*	
-	*	*	*	*	*	*	*	*	*	*	
-	*	*	*	*	*	*	*	*	*	*	
-	*	*	*	*	*	*	*	*	*	*	
-	*	*	*	*	*	*	*	*	*	*	
-	*	*	*	*	*	*	*	*	*	*	
-	*	*	*	*	*	*	*	*	*	*	
-	*	*	*	*	*	*	*	*	*	*	
-	*	*	*	*	*	*	*	*	*	*	
-	*	*	*	*	*	*	*	*	*	*	
-	*	*	*	*	*	*	*	*	*	*)	
-	*	*	*	*	*	*	*	*	*	*	
-	*	*	*	*	*	*	*	*	*	*	
-	*	*	*	*	*	*	*	*	*	*	
-	*	*	*	*	*	*	*	*	*	*	
-	(ARG1*)	*	*	*	*	*	*	*	*	*	
-	*	*	*	*	*	*	*	*	*	*	
-	*	*	*	*	*	*	*	*	*	*	
-	*	*	*	*	*	*	*	*	*	*	
-	*	*	*	*	*	*	*	*	*	*	
-	*	*	*	*	*	*	*	*	*	*	

-	(ARG0*)	*	*	
V	(V*)	*	*	
-	*	*	*	
V	*	(V*)	*	
-	*	*	*	
-	*	*	*	
-	*	(ARG1*)	*	
-	*	(ARGM-LOC*	*	
-	*	*	*	
V	*	*)	(V*)	
-	*	*	*	

-	*	*	*	*	*	*	*	*	
V	(V*)	*	*	*	*	*	*	*	
V	(ARG2*	(V*)	*	*	*	*	*	*	
-	*	*	*	*	*	*	*	*	
-	*	*	(ARG0*)	*	*	*	*	*	
V	*)	*	(V*)	*	*	*	*	*	
-	*	*	*	*	*	*	*	*	
-	(ARG2*	*	*	*	*	*	*	*	
-	*	*	*	*	*	*	*	*	
-	*	*	*	*	*	*	*	*	
-	*	*	*	*	*	*	*	*	
-	*	*	*	*	*	*	*	*	
-	*	*	*	*	*	*	*	*	
-	*	*	*	*	*	*	*	*	
-	*	*	*	*	*	*	*	*	
-	*)	*	*	*	*	*	*	*	
-	*	*	*	*	(ARG1*	*	*	*	
-	*	*	*	*	*	*	*	*	
-	*	*	*	*	*)	*	*	*	
-	*	*	*	*	*	*	*	*	
-	*	*	*	*	*	*	*	*	
-	*	*	*	*	*	*	*	*	
-	*	*	*	*	*	*	*	*	
-	*	*	*	*	*	*	*	*	
-	*	*	*	*	*	*	*	*	
-	*	*	*	*	*	*	*	*	
-	*	*	*	*	*	*	*	*	
-	*	*	*	*	*	*	*	*	
-	*	*	*	*	*	*	*	*	
-	*	*	*	*	*	*	*	*	
-	*	*	*	*	*	*	*	*	
-	*	*	*	*	(ARGM-MOD*)	*	*	*	
-	*	*	*	*	(ARGM-NEG*)	*	*	*	
V	*	*	*	(V*)	(ARGM-NEG*)	*	*	*	
V	*	*	*	*	(V*)	*	*	*	
-	*	*	*	*	*	*	*	*	
-	*	*	*	*	*	*	*	*	
-	*	*	*	*	*	*	*	(ARG1*	
-	*	*	*	*	*	*	*	*)	
-	*	*	*	*	*	*	*	*	
-	*	*	*	*	*	*	*	*	
V	*	*	*	*	*	(V*)	*	*	
V	*	*	*	*	*	*	(V*)	*	
-	*	*	*	*	(ARG1*	*	*	(ARGM-ADJ*	
-	*	*	*	*	*	*	*	*	
-	*	*	*	*	*	*	*	*)	
V	*	*	*	*	*)	*	*	(V*)	
-	*	*	*	*	(ARGM-TMP*	*	*	*	
-	*	*	*	*	*	*	*	*	
-	*	*	*	*	*	*	*	*	
-	*	*	*	*	*)	*	*	*	
-	*	*	*	*	*	*	*	*	

-	(ARG1*)	*	
V	(V*)	*	
-	(ARG2*	(ARGM-EXT*)	
V	*	(V*)	
-	*)	*	

-	*	*	*	*	*	*	
-	*	(ARGM-TMP*)	*	*	*	*	
-	*	*	*	*	*	*	
-	*	*	*	*	*	*	
-	*	*	*	*	*	*	
V	(V*)	*	*	*	*	(ARG1*	
-	*	*	*	*	*	*	
-	*	*	*	*	*	*	
-	*	*	*	*	*	*	
-	*	*	*	*	*	*	
-	(ARGM-ADJ*)	*	*	*	*	*	
-	(ARG2*	*	*	*	*	*	
-	*)	*	*	*	*	*)	
V	*	(V*)	*	*	*	*	
-	*	*	(ARG1*	*	*	*	
-	*	*	*)	*	*	*	
V	*	*	(V*)	*	*	*	
-	*	*	*	*	*	*	
-	*	*	*	*	*	*	
-	(ARG1*)	*	*	*	*	*	
-	*	*	*	*	*	*	
-	*	*	*	(ARG1*)	*	*	
V	*	*	*	(V*)	*	*	
-	*	*	*	(ARG1*	*	*	
V	*	*	*	*	(V*)	*	
V	*	*	*	*	*	(V*)	
-	*	*	*	*)	*	*	

-	*	*	*	*	*	
-	*	*	*	*	*	
-	(ARGM-TMP*)	*	*	*	*	
-	*	*	*	*	*	
-	*	*	*	*	*	
-	(ARGM-TMP*)	*	*	*	*	
-	(ARG0*	*	*	*	*	
-	*	*	*	*	*	
-	*)	*	*	*	*	
V	(V*)	*	*	*	*	
V	(ARG1*)	(V*)	*	*	*	
V	(ARG1*	*	(V*)	*	*	
V	*	*	*	(V*)	*	
-	*	*	*	(ARG1*	*	
V	*	*	*	*	(V*)	
-	*	*	*	*	(ARG1*	
-	*	*	*	*	*	
-	*	*	*	*	*	
-	*	*	*	*	*	
-	*	*	*	*	*)	
-	*	*	*	*	(ARGM-TMP*	
-	*	*	*	*	*	
-	*)	*	*	*)	*)	
-	*	*	*	*	*	

-	*	
-	(ARG2*	
-	*)	
-	*	
-	*	
-	(ARG1*	
-	*)	
V	(V*)	
-	*	

-	*	*	*	*	*	*	
-	*	*	*	*	*	*	
-	(ARG1*)	*	*	*	*	*	
V	(V*)	*	*	*	*	*	
-	*	*	*	*	*	*	
-	*	*	*	*	*	*	
-	*	*	*	*	*	*	
-	(ARG2*	*	*	*	*	*	
-	*	*	*	*	*	*	
V	*)	(V*)	*	*	*	*	
-	*	*	*	*	*	(ARG1*	
V	*	*	(V*)	*	*	*	
-	*	*	(ARG1*	*	*	*	
V	*	*	*)	(V*)	*	*	
-	*	*	*	*	*	*	
V	*	*	(ARG1*	*	(V*)	*	
-	*	*	*	*	(ARG1*	*	
-	*	*	*)	*	*)	*)	
-	*	*	*	*	*	(ARG1*	
-	*	*	*	*	*	*	
-	*	*	*	*	*	*)	
-	*	*	*	*	*	(R-ARG0*)	
-	*	*	*	*	*	(ARGM-MOD*)	
V	*	*	*	*	*	(V*)	
-	*	*	*	*	*	(ARG1*)	
-	*	*	*	*	*	*	
-	(ARGM-TMP*	*	*	*	*	*	
-	*	*	*	*	*	*	
-	*)	*	*	*	*	*	
-	*	*	*	*	*	*	

-	*	(ARG1*	*	*	
-	*	*	*	*	
-	*	*)	*	*	
V	(V*)	*	*	*	
V	*	(V*)	*	*	
-	*	(ARG1*	*	*	
-	*	*)	*	*	
-	*	(ARG2*	*	*	
-	*	*	*	*	
-	*	*	*	*	
V	*	*)	(V*)	*	
-	*	*	*	*	
-	*	*	*	(ARG1*)	
V	*	*	*	(V*)	
-	*	*	*	*	
-	*	*	*	*	
-	*	*	*	*	
-	*	*	*	*	
-	*	*	*	*	
-	*	*	*	*	
-	(ARG2*)	*	*	*	
-	*	*	*	*	

-	*	*	*	*	
-	*	*	*	*	
-	(ARG1*)	*	*	(ARG1*	
V	(V*)	*	*	*	
-	(ARG2*)	*	*	*	
-	*	*	*	*)	
-	*	*	*	*	
-	(ARGM-TMP*)	*	*	*	
-	*	*	*	(R-ARG1*)	
-	*	*	*	*	
-	*	*	*	*	
-	*	*	*	*	
-	*	*	*	*	
V	*	(V*)	*	*	
-	*	*	*	*	
-	*	*	*	*	
-	*	*	*	(ARG2*)	
-	*	*	(ARG0*	*	
-	*	*	*	*	
-	*	*	*)	*	
-	*	*	*	*	
-	*	*	*	*	
-	*	*	(ARG1*	*	
-	*	*	*	*	
-	*	*	*	*	
-	*	*	*	*	
-	*	*	*	*	
-	*	*	*	*	
-	*	*	*	*	
-	*	*	*)	*	
V	*	*	(V*)	*	
-	*	*	(ARG1*)	*	
V	*	*	(ARG2*)	(V*)	
-	*	*	*	*	

-	*	(ARG0*	
-	*	*)	
V	(V*)	*	
V	*	(V*)	
-	*	*	
-	*	*	
-	*	(ARG1*)	
-	*	*	
-	*	*	
-	*	*	
-	*	*	
-	*	*	
-	*	*	
-	*	*	
-	*	*	
-	*	*	
-	*	*	
-	*	*	
-	*	*	
-	*	*	

-	(ARG2*)	*	*	*	*	*	*	*	*	
V	(V*)	*	*	*	*	*	*	*	*	
-	(ARG2*	*	*	*	*	*	*	*	*	
V	*	(V*)	*	*	*	*	*	*	*	
-	*	*	(R-ARG0*)	*	*	*	*	*	*	
-	*	*	(ARGM-MOD*)	*	*	*	*	*	*	
V	*	*	(V*)	*	*	*	*	*	*	
-	*)	*	(ARG1*)	*	*	*	*	*	*	
-	(ARG2*	*	*	*	*	*	*	*	*	
-	*	*	*	*	*	*	*	*	*	
-	*	*	*	*	*	*	*	*	*	
-	*	*	*	*	*	*	*	*	*	
V	*)	*	*	(V*)	*	*	*	*	*	
-	(ARG2*	*	*	*	*	*	*	*	*	
V	*	*	*	*	(V*)	*	*	*	*	
-	*)	*	*	*	*	*	*	*	*	
-	*	*	*	*	*	(ARG1*	*	*	*	
-	*	*	*	*	*	*	*	*	*	
-	*	*	*	*	*	*)	*	*	*	
V	*	*	*	*	*	(V*)	*	*	*	
-	*	*	*	*	*	(ARG1*	*	*	*	
-	*	*	*	*	*	*	*	(ARG0*)	*	
V	*	*	*	*	*	*	(V*)	*	*	
-	*	*	*	*	*	*	*	*	*	
V	*	*	*	*	*	*	*	(V*)	*	
-	*	*	*	*	*	*	*	(ARG1*	*	
-	*	*	*	*	*	*	*	*	*	
-	*	*	*	*	*	*	*	*	*	
-	*	*	*	*	*	*	*	*	*	
-	*	*	*	*	*	*	*	*)	*	
-	*	*	*	*	*	*	*	(ARG2*	*	
-	*	*	*	*	*	*	*	*	*	
-	*	*	*	*	*	*	*	*	*	
-	*	*	*	*	*	*	*	*	*	
-	*	*	*	*	*	*	*	*)	*	
-	*	*	*	*	*	*)	*	*	*	
-	*	*	*	*	*	*	*	*	*	
-	*	*	*	*	*	*	*	*	(ARG0*	
-	*	*	*	*	*	*	*	*	*)	
-	*	*	*	*	*	*	*	*	(ARG0*)	
-	*	*	*	*	*	*	*	*	(ARGM-MOD*)	
V	*	*	*	*	*	*	*	*	(V*)	
-	*	*	*	*	*	*	*	*	(ARG1*	
-	*	*	*	*	*	*	*	*	*	
-	*	*	*	*	*	*	*	*	*	
-	*	*	*	*	*	*	*	*	*	
-	*	*	*	*	*	*	*	*	*	
-	*	*	*	*	*	*	*	*	*	
-	*	*	*	*	*	*	*	*	*	
-	*	*	*	*	*	*	*	*	*)	

-	(ARG1*)	*	*	*	*	*	*	*	
V	(V*)	*	*	*	*	*	*	*	
-	(ARG2*	*	*	*	*	*	*	*	
-	*)	*	*	*	*	*	*	*	
V	(ARG2*	(V*)	*	*	*	*	*	*	
-	*	*	*	*	*	*	*	*	
V	*	*	(V*)	*	*	*	*	*	
-	*	*	*	*	*	*	*	*	
-	*)	*	*	*	*	*	*	*	
-	*	*	*	*	(ARG0*	*	*	*	
-	*	*	*	*	*	*	*	*	
-	*	*	*	*	*	*	*	*	
-	*	*	*	*	*	*	*	*	
-	*	*	*	*	*	*	*	*	
V	*	*	*	(V*)	*)	*	*	*	
V	*	*	*	*	(V*)	*	*	*	
-	(ARGM-ADJ*	*	*	*	(ARGM-TMP*	*	*	*	
-	*	*	*	*	*	*	*	*	
-	*	*	*	*	*	(ARG1*)	*	*	
V	*	*	*	*	*	(V*)	*	*	
-	*	*	*	*	*	*	*	*	
-	*	*	*	*	*	*	*	*	
-	*)	*	*	*	*	*	*	*	
-	*	*	*	*	*	*	*	*	
-	*	*	*	*	*	*	*	*	
-	*	*	*	*	*)	*	*	*	
-	*	*	*	*	*	*	*	*	
-	*	*	*	*	*	*	(ARG0*)	*	
V	*	*	*	*	*	*	(V*)	*	
-	*	*	*	*	*	*	(ARG1*)	*	
-	*	*	*	*	*	*	(ARG1*	*	
V	*	*	*	*	*	*	*	(V*)	
-	*	*	*	*	*	*	*	(ARG1*	
-	*	*	*	*	*	*	*)	*)	
-	*	*	*	*	*	*	*	*	
-	*	*	*	*	*	*	*	*	
-	*	*	*	*	*	*	*	*	
-	*	*	*	*	*	*	*	*	
-	*	*	*	*	*	*	*	*	

-	(ARG0*)	*	*	*	*	*	
-	*	*	*	*	*	*	
V	(V*)	*	*	*	*	*	
-	(ARG1*	(ARG1*	*	*	*	*	
-	*	*)	*	*	*	*	
V	*)	(V*)	*	*	*	*	
V	(ARG1*)	*	(V*)	*	*	*	
-	*	*	*	*	*	*	
-	*	*	*	*	*	*	
-	*	*	*	*	*	*	
-	*	*	*	*	*	*	
V	*	*	*	(V*)	(ARGM-NEG*)	*	
V	*	*	*	*	(V*)	*	
-	*	*	*	*	*	*	
V	*	*	*	*	*	(V*)	
-	*	*	*	*	*	(ARGM-MNR*)	
-	*	*	*	*	*	*	

-	(ARG0*)	*	*	*	*	*	
V	(V*)	*	*	*	*	*	
-	*	(ARG1*	*	*	*	*	
-	*	*	*	*	*	*	
-	*	*)	*	*	*	*	
V	*	(V*)	*	*	*	*	
-	*	(ARG1*	(ARG1*	*	*	*	
-	*	*	*)	*	*	*	
V	*	*	(V*)	*	*	*	
V	*	*)	*	(V*)	*	*	
-	*	*	*	*	*	*	
-	*	(ARGM-TMP*)	*	*	*	*	
-	*	*	*	*	*	*	
-	*	(ARG1*	*	*	*	*	
-	*	*	*	*	(ARGM-NEG*)	*	
-	*	*	*	*	*	*	
V	*	*	*	*	(V*)	*	
-	*	*	*	*	*	*	
-	*	*	*	*	(ARG1*)	*	
-	*	*	*	*	(ARGM-PRP*	*	
V	*	*	*	*	*	(V*)	
-	(ARGM-ADJ*	*	*	*	*	(ARG1*	
-	*	*	*	*	*	*	
-	*)	*	*	*	*	*	
-	*	*)	*	*	*)	*)	
-	*	*	*	*	*	*	

-	(ARG1*)	*	*	
V	(V*)	*	*	
-	(ARG2*	(ARGM-EXT*)	*	
V	*)	(V*)	*	
-	*	*	*	
-	*	*	*	
-	*	*	(ARG0*)	
-	*	*	(ARGM-MOD*)	
V	*	*	(V*)	
-	*	*	*	

-	*	(ARG0*)	*	*	*	*	*	
V	(V*)	*	*	*	*	*	*	
-	*	(ARGM-NEG*)	*	*	*	*	*	
V	*	(V*)	*	*	*	*	*	
-	*	(ARG1*	*	*	*	*	*	
-	*	*	*	*	*	*	*	
-	*	*	*	*	*	*	*	
-	*	*	*	*	*	*	*	
-	*	*)	*	*	*	*	*	
-	*	*	*	*	*	*	*	
-	*	*	*	*	*	*	*	
-	*	*	*	*	*	*	*	
-	*	*	(ARG1*	*	*	*	*	
-	*	*	*)	*	*	*	*	
V	*	*	(V*)	*	*	*	*	
-	*	*	*	*	*	*	*	
-	*	*	*	*	(ARG0*	*	*	
-	*	*	*	*	*)	*	*	
-	*	*	*	*	(ARGM-MOD*)	*	*	
V	*	*	*	(V*)	(ARGM-NEG*)	*	*	
V	*	*	*	*	(V*)	*	*	
-	*	*	*	*	(ARG1*	*	*	
-	*	*	*	*	*	*	*	
-	*	*	*	*	*	*	*	
-	*	*	*	*	*)	*	*	
-	*	*	*	*	*	*	*	
-	*	*	*	*	*	*	*	
V	*	*	*	*	*	(V*)	(ARG0*)	
V	*	*	*	*	*	*	(V*)	
-	*	*	*	*	*	*	*	
-	*	*	*	*	*	*	(ARG1*)	
-	*	*	*	*	*	*	*	

-	(ARG1*	*	*	*	*	*	
-	*	*	*	*	*	*	
-	*	*	*	*	*	*	
-	*)	*	*	*	*	*	
-	*	*	*	*	*	*	
-	(ARG1*)	*	*	*	*	*	
V	(V*)	*	*	*	*	*	
-	(ARG2*	*	*	*	*	*	
-	*	*	*	*	*	*	
V	*)	(V*)	*	*	*	*	
-	*	*	*	*	*	(ARG1*	
-	*	*	*	(ARG1*	*	*	
-	*	*	*	*)	*	*	
V	*	*	(V*)	*	*	*	
-	*	*	*	(ARG0*	*	*	
-	*	*	*	*	*	*	
-	*	*	*	*	*	*	
-	*	*	*	*)	*	*	
-	*	*	*	(R-ARG0*)	*	*	
V	*	*	*	(V*)	*	*	
-	*	*	*	(ARG1*)	*	*	
-	*	*	*	(ARGM-TMP*)	*	*	
-	*	*	*	*	*	*	
-	*	*	*	*	*	*)	
V	*	*	*	*	(V*)	*	
-	*	*	*	*	(ARG2*	*	
V	*	*	*	*	*	(V*)	
-	*	*	*	*	*	*	
-	*	*	*	*	*	*	
-	*	*	*	*	*	*	
-	*	*	*	*	*	*	
-	*	*	*	*	*	*	
-	*	*	*	*	*	*	
-	*	*	*	*	*)	*	
-	*	*	*	*	*	*	

-	*	*	*	*	*	*	*	
-	*	*	*	*	*	*	*	
-	*	*	*	*	*	*	*	
-	*	*	*	*	*	*	*	
-	*	*	*	*	*	*	*	
-	(ARG0*)	*	*	*	*	*	*	
-	(ARG0*)	*	*	*	*	*	*	
-	(ARGM-MOD*)	*	*	*	*	*	*	
V	(V*)	*	*	*	*	*	*	
-	(ARG1*	*	*	*	*	*	*	
-	*	*	*	*	*	*	*	
V	*	(V*)	*	*	*	*	*	
-	*)	*	*	*	*	*	*	
V	(ARG2*)	*	(V*)	*	*	*	*	
-	*	*	*	*	(ARGM-MOD*	*	*	
-	*	*	*	(ARG0*)	*	*	*	
V	*	*	*	(V*)	*)	*	*	
V	*	*	*	*	(V*)	*	*	
-	*	*	*	*	(ARG1*	(ARG0*)	*	
V	*	*	*	*	*	(V*)	*	
-	*	*	*	*	*	(ARG1*	*	
-	*	*	*	*	*	*	*	
-	*	*	*	*	*	*	*	
-	*	*	*	*	*	*	*	
-	*	*	*	*	*	*	(ARG0*)	
V	*	*	*	*	*	*	(V*)	
-	*	*	*	*	*	*	(ARG1*	
-	*	*	*	*	*	*	*	
-	*	*	*	*	*)	*)	*)	
-	*	*	*	*	*	*	*	

-	(ARG2*)	*	
-	*	(ARGM-PRR*	
-	*	*	
-	*	*	
V	(V*)	*)	
-	*	*	
-	*	(ARG1*)	
-	*	(ARGM-MOD*)	
-	*	*	
V	*	(V*)	
-	*	(ARG2*	
-	*	*)	

-	
-	

-	*	(ARG0*)	*	*	*	*	
V	(V*)	*	*	*	*	*	
-	*	(ARGM-NEG*)	*	*	*	*	
V	*	(V*)	*	*	*	*	
-	*	*	*	*	*	*	
-	*	(ARG1*)	*	*	*	*	
-	*	(ARGM-TMP*)	*	*	*	*	
-	*	*	*	*	*	*	
-	*	(ARG1*	*	(ARG0*)	*	*	
V	*	*	(V*)	(ARGM-MOD*)	*	*	
V	*	*	*	(V*)	*	*	
-	*	*	*	(ARG1*	*	*	
-	*	*	*	*	*	*	
-	*	*	*	*	*	*	
V	*	*)	*	*)	(V*)	*	
-	*	*	*	*	*	*	
-	*	*	*	*	(ARG1*)	*	
-	*	*	*	*	*	*	
V	*	*	*	*	*	(V*)	
-	*	*	*	*	*	(ARG1*	
-	*	*	*	*	*	*	
-	(ARG1*	*	*	*	*	*	
-	*	*	*	*	*	*	
-	*	*	*	*	*	*	
-	*	*	*	*	*	*	
-	*	*	*	*	*	*	
-	*	*	*	*	*	*	
-	*)	*	*	*	*	*	
-	*	*	*	*	*	*)	
-	*	*	*	*	*	*	
-	*	*	*	*	*	*	
-	*	*	*	*	*	*	
-	*	*	*	*	*	*	
-	*	*	*	*	*	*	
-	*	*	*	*	*	*	

-	(ARG0*)	*	*	*	
V	(V*)	*	*	*	
-	(ARG1*	*	*	*	
-	*)	*	*	*	
-	(ARG1*	*	*	*	
V	*)	(V*)	*	*	
V	*	*	(V*)	*	
-	*	*	(ARGM-PRR*	*	
V	*	*	*	(V*)	
-	*	*	*	(ARG1*	
-	*	*	*)	*)	
-	*	*	*	*	

-	(ARG0*)	*	*	*	*	*	*	*	*	*	*	
V	(V*)	*	*	*	*	*	*	*	*	*	*	
-	(ARG1*	*	*	*	*	*	*	*	*	*	*	
V	*)	(V*)	*	*	*	*	*	*	*	*	*	
-	(ARG1*	*	*	*	*	*	*	*	*	*	*	
-	*	*	*	(ARG0*)	*	*	*	*	*	*	*	
V	*	*	(V*)	*	*	*	*	*	*	*	*	
V	*	*	*	(V*)	*	*	*	*	*	*	*	
-	*	*	*	*	*	*	*	*	*	*	*	
-	*	*	*	(ARG1*)	*	*	*	*	*	*	*	
-	*)	*	*	(ARGM-TMP*)	*	*	*	*	*	*	*	
-	*	*	*	*	*	*	*	*	*	*	*	
V	*	*	*	*	(V*)	*	*	*	*	*	*	
-	*	*	*	*	(ARG1*	*	*	*	*	*	*	
-	*	*	*	*	*	*	*	*	*	*	*	
-	*	*	*	*	*	*	*	*	*	*	*	
-	*	*	*	*	*)	*	*	*	*	*	*	
-	*	*	*	*	*	*	*	*	*	*	*	
-	*	*	*	*	*	*	*	*	*	*	*	
V	*	*	*	*	*	(V*)	*	*	*	*	*	
-	*	*	*	*	*	*	*	(ARG1*	*	*	*	
-	*	*	*	*	*	*	*	*	*	*	*	
-	*	*	*	*	*	*	*	*)	*	*	*	
-	*	*	*	*	*	(ARG1*	(ARGM-MOD*)	*	*	*	*	
V	*	*	*	*	*	*	(V*)	*	*	*	*	
-	*	*	*	*	*	*	*	*	*	*	*	
-	*	*	*	*	*	*	*	*	*	*	*	
-	*	*	*	*	*	*)	*	*	*	*	*	
-	*	*	*	*	*	*	*	*	*	*	*	
-	*	*	*	*	*	(ARG1*	*	*	*	*	*	
-	*	*	*	*	*	*	*	*	(ARG0*)	*	*	
V	*	*	*	*	*	*	*	(V*)	*	*	*	
-	*	*	*	*	*	*	*	*	(ARGM-NEG*)	*	*	
V	*	*	*	*	*	*	*	*	(V*)	*	*	
-	*	*	*	*	*	*	*	*	(ARG1*)	*	*	
-	*	*	*	*	*	*	*	*	(ARG1*	*	*	
-	*	*	*	*	*	*	*	*	*	(ARGM-ADJ*)	*	
V	*	*	*	*	*	*)	*	*	*)	(V*)	*	
-	*	*	*	*	*	*	*	*	*	*	*	
-	*	*	*	*	*	*	*	*	*	*	*	
-	*	*	*	*	*	*	*	*	*	(ARG1*)	*	
-	*	*	*	*	*	*	*	*	*	*	*	
-	*	*	*	*	*	*	*	*	*	*	(ARG0*)	
-	*	*	*	*	*	*	*	*	*	*	(ARGM-MOD*)	
V	*	*	*	*	*	*	*	*	*	*	(V*)	
-	*	*	*	*	*	*	*	*	*	*	*	

-	*	*	*	
-	*	*	*	
-	*	*	*	
-	*	*	*	
-	*	*	*	
-	(ARG1*)	*	*	
V	(V*)	*	*	
-	(ARG1*	*	*	
-	*	*	*	
-	*	*	*	
-	*)	*	*	
-	*	*	*	
-	*	*	*	
-	*	*	(ARG1*)	
-	*	*	*	
-	*	*	*	
-	*	*	*	
-	*	*	*	
-	*	*	*	
-	*	*	*	
-	*	*	*	
-	*	*	*	
-	*	*	*	
-	*	*	*	
-	*	*	*	
V	*	(V*)	*	
-	*	*	*	
V	*	*	(V*)	
-	*	*	(ARG1*	
-	*	*	*	
-	(ARG1*	*	*	
-	*	*	*	
-	*	*	*	
-	*	*	*	
-	*	*	*	
-	*	*	*	
-	*)	*	*)	
-	*	*	*	

-	*	*	*	*	*	*	
-	*	*	*	*	*	*	
-	*	*	*	*	*	*	
-	*	*	*	*	*	*	
-	(ARG0*)	*	*	*	*	*	
V	(V*)	*	*	*	*	*	
-	(ARG1*	*	*	*	*	*	
V	*	(V*)	*	*	*	*	
-	*	(ARG1*	*	*	*	*	
-	*	*	*	*	*	*	
-	*)	*)	*	*	*	*	
-	*	*	*	*	*	*	
-	*	*	*	*	*	*	
-	*	*	*	(ARG0*	*	*	
-	*	*	*	*	*	*	
-	*	*	*	*)	*	*	
-	*	*	*	(ARG0*)	*	*	
V	*	*	(V*)	(ARGM-MOD*)	*	*	
V	*	*	*	(V*)	*	*	
-	*	*	*	(ARG1*	(ARG0*)	*	
-	*	*	*	*	(ARGM-MOD*)	*	
V	*	*	*	*)	(V*)	*	
-	(ARG1*	*	*	*	*	*	
-	*	*	*	*	*	*	
-	*	*	*	*	*	*	
-	*	*	*	*	*	*	
-	*	*	*	*	*	(ARGM-ADJ*)	
V	*)	*	*	*	*	(V*)	
-	*	*	*	*	*	*	

-	(ARGM-TMP*	*	*	*	*	
-	*	*	*	*	*	
-	*)	*	*	*	*	
-	*	*	*	*	*	
-	*	*	*	*	*	
-	*	*	*	*	*	
-	*	*	*	*	*	
V	(V*)	*	*	*	*	
-	(ARG1*	*	*	*	*	
V	*	(V*)	*	*	*	
-	*	*	*	*	*	
-	*	(ARG1*)	*	*	*	
-	*	*	*	*	*	
V	*	*	(V*)	*	*	
-	*	*	(ARG1*	*	*	
-	*	*	*	*	*	
-	*	*	*	*	*	
V	*	*	*	(V*)	*	
-	*	*	*	(ARG1*	*	
-	*	*	*	*	*	
-	*	*	*	*	*	
-	*	*	*	*	*	
-	*	*	*	*	*	
-	*	*	*	*	*	
V	*)	*	*)	*)	(V*)	
-	*	*	*	*	*	

-	*	(ARG0*)	*	*	*	*	
V	(V*)	*	*	*	*	*	
V	*	(V*)	*	*	*	*	
-	*	(ARG1*	*	*	*	*	
V	*	*)	(V*)	*	*	*	
-	*	*	*	*	*	*	
-	*	*	(ARG1*	*	*	*	
-	*	*	*)	*	*	*	
V	*	*	*	(V*)	*	*	
-	*	*	*	*	*	*	
-	*	*	*	*	*	*	
-	*	*	*	*	*	*	
-	*	*	*	*	*	(ARG1*)	
-	*	*	*	(ARG1*)	*	*	
-	*	*	*	*	*	*	
-	*	*	*	*	*	*	
V	*	*	*	*	(V*)	(ARGM-MOD*)	
-	*	*	*	*	*	(ARGM-DIS*)	
V	*	*	*	*	*	(V*)	
-	*	*	*	*	*	*	

-	*	(ARGM-TMP*	*	*	*	*	*	*	
-	*	*)	*	*	*	*	*	*	
-	*	*	*	*	*	*	*	*	
-	*	*	*	*	*	*	*	*	
-	*	*	*	*	*	*	*	*	
-	*	*	*	*	*	*	*	*	
V	(V*)	*	*	*	*	*	*	*	
V	*	(V*)	*	*	*	*	*	*	
-	*	(ARG1*)	*	*	*	*	*	*	
V	*	(ARG1*	(V*)	*	*	*	*	*	
-	*	*)	*	*	*	*	*	*	
-	*	(ARG1*	*	*	*	*	*	*	
-	*	*	*	*	*	*	*	*	
V	*	*	*	(V*)	*	*	*	*	
-	*	*	*	(ARG1*)	*	*	*	*	
-	*	*	*	*	*	*	*	*	
-	*	*	*	(ARG1*	*	*	*	*	
-	*	*	*	*	*	*	*	*	
V	*	*	*	*	(V*)	*	*	*	
V	*	*	*	*	*	(V*)	*	*	
-	*	*	*	*	*	(ARG1*	*	*	
-	*	*	*	*	*	*	*	*	
-	*	*	*	*	*	*	*	*	
-	*	*	*	*	*	*	*	*	
-	*	*	*	*	*	*	*	(ARG1*	
-	*	*	*	*	*	*	*	*	
-	*	*	*	*	*	*	*	*)	
-	*	*	*	*	*	*	*	(ARG0*)	
V	*	*	*	*	*	*	(V*)	(ARGM-MOD*)	
V	*	*	*	*	*	*	*	(V*)	
-	*	*	*	*)	*	*)	*	(ARGM-TMP*)	
-	*	*)	*	*	*	*	*	*	

-	*	*	(ARG1*	
V	(V*)	*	*	
-	*	*	*	
-	*	*	*	
-	(ARG1*	*	*	
-	*	*	*	
-	*	*	*	
-	*)	*	*)	
-	*	(ARG1*)	*	
V	*	(V*)	*	
V	*	*	(V*)	
-	*	*	(ARG2*	
-	*	*	*	
-	*	*	*	
-	*	*	*	
-	*	*	*	
-	*	*	*	
-	*	*	*	
-	*	*	*	
-	*	*	*	
-	*	*	*	
-	*	*	*)	

-	*	*	*	*	*	*	*	*	
-	*	*	*	*	*	*	*	*	
-	*	*	*	*	*	*	*	*	
-	*	*	*	*	*	*	*	*	
-	*	*	*	*	*	*	*	*	
-	*	*	*	*	*	*	*	*	
-	*	*	*	*	*	*	*	*	
-	*	*	*	*	*	*	*	*	
-	(ARG1*	*	*	*	*	*	*	*	
-	*)	*	*	*	*	*	*	*	
-	*	*	*	*	*	*	*	*	
-	*	*	*	*	*	*	*	(ARG2*)	
V	(V*)	*	*	*	*	*	*	(ARG2*)	
-	*	*	*	*	*	*	*	(ARG1*	
V	*	(V*)	*	*	*	*	*	*	
-	*	(ARG1*)	*	*	*	*	*	*)	
-	*	*	*	*	*	*	*	*	
V	*	*	(V*)	*	*	*	*	*	
-	*	*	(ARG2*)	*	*	*	*	*	
-	*	*	(ARG1*	(ARGM-MOD*)	*	*	*	*	
-	*	*	*	(ARG0*)	*	*	*	*	
-	*	*	*	(ARGM-MOD*)	*	*	*	*	
-	*	*	*	(ARGM-NEG*)	*	*	*	*	
-	*	*	*	(ARGM-NEG*)	*	*	*	*	
V	*	*	*	(V*)	*	*	*	*	
-	*	*	*	(ARG1*	*	*	*	*	
-	*	*	*	*	*	*	*	*	
-	*	*	*	*	*	*	*	*	
-	*	*	*	*	*	*	*	*	
-	*	*	*	*	*	*	*	*	
-	*	*	*	*	*	*	*	*	
V	*	*	*	*	(V*)	*	*	*	
-	*	*	*	*	*	*	*	*	
-	*	*	*	*	(ARG1*	*	*	*	
V	*	*	*)	*)	*)	(V*)	*	*	
-	*	*	*	*	*	*	*	*	
-	*	*	*	*	*	*	*	*	
-	*	*	*	*	*	(ARG1*	*	*	
V	*	*	*	*	*	*)	(V*)	*	
-	(ARG1*	*	*	*	*	*	*	(ARG1*	
-	*	*	*	*	*	*	*	*	
-	*	*	*	*	*	*	*	*)	
V	*	*	*	*	*	*	*	(V*)	
-	*	*	*	*	*	*	*	*	
-	*)	*	*	*	*	*	*	*	
-	*	*	*	*	*	*	*	*	

-	(ARG0*	*	*	
-	*)	*	*	
-	(ARGM-MOD*)	*	*	
V	(V*)	*	*	
-	(ARG1*	*	*	
-	*	*	*	
-	*	*	*	
-	*	*	*	
-	*	*	*	
-	*	*	*	
V	*)	(V*)	*	
-	*	*	*	
-	*	*	*	
-	(ARG1*	*	*	
-	*	*	*	
-	*	*	*	
-	*	*	*	
-	*	*	*	
-	*)	*	*	
-	*	*	*	
-	*	*	*	
-	*	*	*	
-	*	*	*	
-	*	*	*	
V	*	*	(V*)	
-	*	*	*	

-	

-	*	(ARG1*	*	*	*	*	*	*	*	*	*	*	
V	(V*)	*)	*	*	*	*	*	*	*	*	*	*	
-	*	*	*	*	*	*	*	*	*	*	*	*	
V	*	(V*)	*	*	*	*	*	*	*	*	*	*	
-	*	*	*	*	*	*	*	*	*	*	*	*	
-	*	(ARG1*)	*	*	*	*	*	*	*	*	*	*	
-	*	*	*	*	*	*	*	*	*	*	*	*	
V	*	*	(V*)	*	*	*	*	*	*	*	*	*	
-	*	*	(ARG1*	*	*	*	*	*	*	*	*	*	
V	*	*	*)	(V*)	*	*	*	*	*	*	*	*	
-	*	*	*	*	*	*	*	*	*	*	*	*	
V	*	*	*	*	(V*)	*	*	*	*	*	*	*	
V	*	*	*	*	(ARG1*)	(V*)	*	*	*	*	*	*	
V	*	*	*	*	*	*	(V*)	*	*	*	*	*	
-	*	*	*	*	(ARG1*	*	*	(ARGM-NEG*)	*	*	*	*	
V	*	*	*	*	*	*	*	(V*)	*	*	*	*	
V	*	*	*	*	*)	*	*	(ARG1*)	(V*)	*	*	*	
-	*	*	*	*	*	*	*	*	*	*	*	*	
-	*	*	*	*	*	*	*	*	*	*	*	*	
-	*	*	*	*	*	*	*	*	*	*	*	*	
V	*	*	*	*	*	*	*	*	*	(V*)	*	*	
-	*	*	*	*	*	*	*	*	*	(ARG1*	*	*	
-	*	*	*	*	*	*	*	*	*	*	(ARGM-ADJ*)	*	
V	*	*	*	*	*	*	*	*	*	*)	(V*)	*	
-	*	*	*	*	*	*	*	*	*	*	*	*	
-	*	*	*	*	*	*	*	*	*	(ARG1*	*	*	
-	*	*	*	*	*	*	*	*	*	*	*	*	
-	*	*	*	*	*	*	*	*	*	*	*	*	
-	*	*	*	*	*	*	*	*	*	*	*	*	
-	*	*	*	*	*	*	*	*	*	*)	*	*	
-	*	*	*	*	*	*	*	*	*	*	*	*	
V	*	*	*	*	*	*	*	*	*	*	*	(V*)	
-	*	*	*	*	*	*	*	*	*	*	*	(ARG1*	
-	*	*	*	*	*	*	*	*	*	*	*	*	
-	*	*	*	*	*	*	*	*	*	*	*	*	
-	*	*	*	*	*	*	*	*	*	*	*	*	
-	*	*	*	*	*	*	*	*	*	*	*	*	
-	*	*	*	*	*	*	*	*	*	*	*	*	
-	*	*	*	*	*	*	*	*	*	*	*	*	
-	*	*	*	*	*	*	*	*	*	*	*	*	
-	*	*	*	*	*	*	*	*	*	*	*	*)	
-	*	*	*	*	*	*	*	*	*	*	*	*	

-	*	*	(ARG1*)	*	*	*	*	*	*	
V	(V*)	*	*	*	*	*	*	*	*	
V	*	(V*)	*	*	*	*	*	*	*	
V	*	*	(V*)	*	*	*	*	*	*	
-	*	*	(ARG1*	*	*	*	*	*	*	
-	*	*	*	*	*	*	*	*	*	
-	*	*	*)	*	*	*	*	*	*	
-	*	*	(ARG2*	*	*	*	*	*	*	
-	*	*	*	*	*	*	*	*	*	
-	*	*	*	*	*	*	*	*	*	
-	*	*	*)	*	*	*	*	*	*	
-	*	*	*	(R-ARG1*)	*	*	*	*	*	
-	*	*	*	*	*	*	*	*	*	
-	*	*	*	*	*	*	*	*	*	
-	*	*	*	*	*	*	*	*	*	
-	*	*	*	(ARG0*	*	*	*	*	*	
-	*	*	*	*	*	*	*	*	*	
-	*	*	*	*)	*	*	*	*	*	
-	*	*	*	(ARG0*)	*	*	*	*	*	
V	*	*	*	(V*)	*	*	*	*	*	
-	*	*	*	(ARG1*	(ARG0*)	*	*	*	*	
V	*	*	*	*	(V*)	*	*	*	*	
-	*	*	*	*	(ARG1*	*	*	*	*	
V	*	*	*	*	*	(V*)	*	*	*	
-	*	*	*	*	*	(ARG1*	*	*	*	
-	*	*	*	*	*	*)	*	*	*	
-	*	*	*	*	*	(ARG1*	(ARG0*	*	*	
-	*	*	*	*	*	*	*)	*	*	
-	*	*	*	*	*	*	(ARGM-MOD*)	*	*	
V	*	*	*	*	*	*	(V*)	*	*	
V	*	*	*	*	*	*	(ARG2*)	(V*)	*	
-	*	*	*	*)	*)	*)	*	*	*	
V	*	*	*	*	*	*	*	*	(V*)	
-	*	*	*	*	*	*	*	*	(ARG1*)	
-	*	*	*	*	*	*	*	*	*	

-	(ARG1*)	
V	(V*)	
-	(ARG2*)	
-	*	

-	(ARG1*)	*	*	
V	(V*)	*	*	
-	(ARG2*	*	*	
-	*	*	*	
-	*	*	*	
V	*	(V*)	*	
-	*)	*	*	
V	*	*	(V*)	
-	*	*	*	

-	(ARG1*)	*	*	*	*	
V	(V*)	*	*	*	*	
-	(ARG2*	*	*	*	*	
-	*	*	*	*	*	
-	*	(ARG0*)	*	*	*	
V	*	(V*)	*	*	*	
-	*	(ARG1*	*	*	*	
-	*	*	*	*	*	
-	*	*	*	*	*	
-	*)	*	*	*	*	
-	(ARG1*)	*	*	*	*	
-	*	*	*	*	*	
V	*	*	(V*)	*	*	
-	*	*	(ARG1*)	*	*	
-	*	*	(ARG1*)	*	*	
-	*	*	(ARGM-TMP*	*	*	
-	*	*	*	*	*	
-	*	*	*)	*	*	
-	*	*	*	*	*	
-	*	*	*	*	*	
-	*	*	*	*	(ARG0*)	
-	*	*	*	*	(ARGM-MOD*)	
V	*	*	*	(V*)	(ARGM-ADV*)	
V	*	*	*	*	(V*)	
-	*	*	*	*	(ARG1*	
-	*	*	*	*	*	
-	*	*	*	*	*	
-	*	*)	*	*	*)	

-	(ARG1*)	*	
V	(V*)	*	
-	(ARG2*	*	
-	*	*	
-	*	*	
-	*)	*	
-	(ARG1*	*	
V	*)	(V*)	
-	*	*	
-	*	(ARG1*)	
-	*	*	
-	*	*	
-	*	*	
-	*	*	
-	*	*	
-	*	*	
-	*	*	

-	*	*	*	*	
-	(ARG0*	*	*	*	
-	*	*	*	*	
-	*)	*	*	*	
V	(V*)	*	*	*	
-	(ARG2*	*	*	*	
-	*	*	*	*	
-	*	*	*	*	
-	*	*	*	*	
-	*)	*	*	*	
V	*	(V*)	*	*	
V	*	*	(V*)	*	
-	*	*	(ARG2*	*	
-	*	*	*	*	
-	*	*	*	*	
-	*	*	*	*	
-	*	*	*	*	
-	*	*	*	*	
-	*	*	*	*	
-	*	*	*	*	
V	*	*	*)	(V*)	
-	*	*	*	*	
-	*	*	*	*	
-	*	*	*	(ARG1*)	
-	*	*	*	*	
-	*	*	*	*	
-	*	*	*	*	
-	*	*	*	*	
-	*	*	*	*	
-	*	*	*	*	
-	*	*	*	*	

-	*	(ARG1*)	*	
V	(V*)	*	*	
-	*	*	*	
V	*	(V*)	*	
-	*	(ARG1*	*	
V	*	*	(V*)	
-	*	*	(ARG1*	
-	*	*	*	
-	*	*	*	
-	*	*	*	
-	*	*	*	
-	*	*)	*)	
-	*	*	*	

-	*	(ARG1*	(ARG0*	*	(ARGM-LVB*	*	*	*	*	*	
-	*	*)	*	*	*	*	*	*	*	*	
V	(V*)	(ARGM-MOD*)	*	*	*	*	*	*	*	*	
-	*	(ARGM-MOD*)	*	*	*	*	*	*	*	*	
V	*	(V*)	*	*	*	*	*	*	*	*	
-	*	*	*	*	*	*	*	*	*	*	
-	*	*	*	*	*	*	*	*	*	*	
-	*	*	*)	*	*	*	*	*	*	*	
V	*	*	(V*)	*	*)	*	*	*	*	*	
-	*	*	*	*	*	*	*	*	*	*	
-	*	*	(ARG1*)	*	*	*	*	*	*	*	
-	*	*	(ARG2*	*	*	*	*	*	*	*	
V	*	*	*	(V*)	*	*	*	*	*	*	
-	*	*	*	(ARG1*	*	*	*	*	*	*	
-	*	*	*	*	*	*	*	*	*	*	
V	*	*	*	*)	(V*)	*	*	*	*	*	
V	*	*	*)	*	*	(V*)	*	*	*	*	
-	*	*	*	*	*	*	*	*	*	*	
-	*	*	*	*	*	(ARGM-TMP*)	*	*	*	*	
-	*	*	*	*	*	*	*	*	*	*	
-	*	*	*	*	*	*	*	*	*	*	
V	*	*	*	*	*	*	(V*)	*	*	*	
V	*	*	*	*	*	*	*	(V*)	(ARGM-ADV*)	*	
V	*	*	*	*	*	*	*	*	(V*)	*	
-	*	*	*	*	*	*	*	*	(ARG1*	*	
-	*	*	*	*	*	*	*	*	*	*	
V	*	*	*	*	*	*	*	*	*)	(V*)	
-	*	*	*	*	*	*	*	*	*	*	
-	*	*	*	*	*	*	*	*	*	*	
-	*	*	*	*	*	*	*	*	*	*	
-	*	*	*	*	*	*	*	*	(ARGM-TMP*)	*	
-	*	*	*	*	*	*	*	*	*	*	
-	*	*	*	*	*	*	*	*	*	*	
-	*	*	*	*	*	*	*	*	*	*	

-	*	*	*	*	*	*	*	*	*	
-	*	*	*	*	*	*	*	*	*	
-	*	*	*	*	*	*	*	*	*	
-	*	*	*	*	*	*	*	*	*	
-	*	(ARG1*)	*	*	*	*	*	*	*	
V	(V*)	*	*	*	*	*	*	*	*	
-	*	*	*	*	*	*	*	*	*	
V	*	(V*)	*	*	*	*	*	*	*	
V	*	*	(V*)	(ARG0*	*	*	*	*	*	
-	*	*	*	*	*	*	*	*	*	
-	*	*	*	*	*	*	*	*	*	
-	*	*	*	*)	*	*	*	*	*	
V	*	*	*	(V*)	*	*	*	*	*	
-	*	*	*	(ARG1*	*	*	*	*	*	
V	*	*	*	*)	(V*)	*	*	*	*	
-	*	*	*	*	*	*	*	*	*	
-	*	*	*	*	(ARG1*	*	*	*	*	
-	*	*	*	*	*	*	*	*	*	
-	*	*	*	*	*	*	*	*	*	
-	*	*	*	*	*	*	*	*	*	
-	*	*	*	*	*	*	*	*	*	
V	*	*	*	*	*	(V*)	*	*	*	
-	*	*	*	*	*	*	*	*	*	
-	*	*	*	*	*	*	*	*	*	
V	*	*	*	*	*	*	(V*)	*	*	
V	*	*	*	*	*	*	(ARG1*	(V*)	*	
-	*	*	*	*	*	*	*	*	*	
-	*	*	*	*	*	*	*	*	*	
-	*	*	*	*	*)	*	*)	*	*	
-	*	*	*	(ARG1*	*	*	*	*	*	
-	*	*	*	*	*	*	*	*	*	
-	*	*	*	*	*	*	*	*	(ARGM-NEG*)	
V	*	*	*	*	*	*	*	*	(V*)	
-	*	*	*	*	*	*	*	*	(ARG1*	
-	*	*	*	*	*	*	*	*	*	
-	*	*	*	*	*	*	*	*	*	
-	*	*	*	*	*	*	*	*	*	
-	*	*	*	*	*	*	*	*	*	
-	*	*	*	*	*	*	*	*	*)	
-	*	*	*	*)	*	*	*	*	*	

-	*	*	*	
-	*	*	*	
-	*	*	*	
-	*	*	*	
-	*	*	*	
-	*	*	*	
-	*	*	*	
-	*	*	(ARG0*)	
-	(ARG0*)	*	*	
V	(V*)	*	*	
-	(ARG1*)	*	*	
-	(ARG1*	*	*	
V	*	(V*)	*	
-	*	(ARG1*	*	
-	*	*	*	
V	*)	*)	(V*)	
-	*	*	*	
-	*	(ARG2*)	*	
-	*	*	*	
-	*	*	*	
-	*	*	(ARG1*)	
-	*	*	*	

-	(ARGM-TMP*	*	*	*	*	*	*	*	
-	*	*	*	*	*	*	*	*	
-	*)	*	*	*	*	*	*	*	
-	*	*	*	*	*	*	*	*	
-	*	*	*	*	*	*	*	*	
-	(ARG0*)	*	*	*	*	*	*	*	
V	(V*)	*	*	*	*	*	*	*	
-	*	*	*	*	*	*	*	*	
-	*	*	*	*	*	*	*	*	
-	(ARG2*)	*	*	*	*	*	*	*	
-	(ARG1*	*	*	*	*	*	*	*	
V	*	(V*)	*	*	*	*	*	*	
-	*	(ARG1*)	*	*	*	*	*	*	
-	*)	*	*	*	*	*	*	*	
-	*	*	*	*	*	*	*	*	
V	*	*	(V*)	*	*	*	*	*	
-	*	*	(ARG1*	*	*	*	*	*	
-	*	*	*)	*	*	*	*	*	
-	*	*	*	*	*	*	*	(ARG1*	
-	*	*	*	*	*	*	*	*	
V	*	*	*	(V*)	*	*	*	*)	
-	*	*	*	*	*	*	*	(ARG1*	
-	*	*	*	*	*	*	*	*	
-	*	*	*	*	*	*	*	*)	
-	*	*	*	*	*	*	*	(ARG1*	
-	*	*	*	*	*	*	*	*	
V	*	*	*	*	(V*)	*	*	*	
-	*	*	*	*	*	*	*	*	
-	*	*	*	*	*	(ARG1*)	*	*	
V	*	*	*	*	*	(V*)	*	*	
-	*	*	*	*	*	(ARG2*)	*	*	
-	*	*	*	*	*	*	*	*)	
-	*	*	*	*	*	*	*	*	
-	*	*	*	*	*	*	*	(ARG1*	
-	*	*	*	*	*	*	*	*)	
-	*	*	*	*	*	*	*	(R-ARG0*)	
-	*	*	*	*	*	*	*	(ARGM-MOD*)	
V	*	*	*	*	*	*	(V*)	*	
V	*	*	*	*	*	*	*	(V*)	
-	*	*	*	*	*	*	*	*	
-	*	*	*	*	*	*	*	*	
-	*	*	*	*	*	*	*	(ARG1*)	
-	*	*	*	*	*	*	*	*	
-	*	*	*	*	*	*	*	*	
-	*	*	*	*	*	*	*	*	
-	*	*	*	*	*	*	*	*	

-	*	*	*	*	*	*	
-	(ARG0*)	*	*	*	*	*	
-	(ARG0*)	*	*	*	*	*	
V	(V*)	*	*	*	*	*	
-	(ARG1*)	*	*	*	*	*	
-	*	*	*	*	*	*	
-	(ARG1*	*	*	*	*	*	
-	*	(ARG0*)	*	*	*	*	
V	*	(V*)	*	*	*	*	
-	*	(ARG1*)	*	*	*	*	
-	*	(ARG1*	(ARG0*)	*	*	*	
V	*	*	(V*)	*	*	*	
-	*	*	(ARG1*	*	*	*	
-	*	*	*	*	*	*	
-	*	*	*	*	*	*	
-	*	*	*	*	*	*	
-	*	*	*	*	*	*	
V	*	*	*	(V*)	*	*	
-	*	*	*	*	*	*	
-	*	*	*	*	*	*	
-	*	*	*	*	*	*	
-	*)	*)	*)	*	*	*	
V	*	*	*	*	(V*)	*	
-	*	*	*	*	(ARG1*	*	
-	*	*	*	*	*	(ARG0*)	
V	*	*	*	*	*	(V*)	
-	*	*	*	*	*	(ARG1*	
-	*	*	*	*	*	*	
-	*	*	*	*	*	*)	
-	*	*	*	*	*	(ARGM-LOC*	
-	*	*	*	*	*)	*)	
-	*	*	*	*	*	*	

V	(V*)	*	*	
-	*	*	*	
-	*	*	(ARG1*	
V	*	(V*)	*)	
V	*	*	(V*)	
-	(ARGM-TMP*)	*	*	
-	*	*	*	
-	*	*	*	

-	*	(ARG0*	*	*	*	*	
-	*	*	*	*	*	*	
-	*	*	*	*	*	*	
-	*	*	*	*	*	*	
V	(V*)	*)	*	*	*	*	
V	*	(V*)	*	*	*	*	
-	*	(ARG2*	*	*	*	*	
V	*	*)	(V*)	*	*	*	
V	*	(ARG1*	*	(V*)	*	*	
-	*	*	*	(ARG1*	*	*	
V	*	*	*	*	(V*)	*	
-	*	*	*	*	(ARG1*	*	
-	*	*	*	*	*	*	
-	*	*	*	*	*	*	
-	(ARG1*	*	*	*	*	*	
-	*	*	*	*	*	*	
V	*)	*)	*	*)	*)	(V*)	
-	*	*	*	*	*	*	
-	*	*	*	(ARGM-LOC*)	*	*	
-	*	*	*	*	*	*	
-	*	*	*	*	*	*	
-	*	*	*	*	*	*	
-	*	*	*	*	*	*	

-	*	*	*	*	*	*	*	*	*	*	*	*	*	
V	(V*)	(ARG0*)	*	*	*	*	*	*	*	*	*	*	*	
V	*	(V*)	*	*	*	*	*	*	*	*	*	*	*	
-	*	*	*	*	*	*	*	*	*	*	*	*	*	
-	*	*	*	*	*	*	*	*	*	*	*	*	*	
-	*	(ARG1*	(ARG0*)	*	*	*	*	*	*	*	*	*	*	
V	*	*	(V*)	*	*	*	*	*	*	*	*	*	*	
-	*	*	(ARG1*	*	*	*	*	*	*	*	*	*	*	
V	*	*	*)	(V*)	*	*	*	*	*	*	*	*	*	
-	*	*	(ARG2*	*	*	*	*	*	*	*	*	*	*	
-	*	*	*	*	*	*	*	*	*	*	*	*	*	
-	*	*	*	*	*	*	*	*	*	*	*	*	*	
-	*	*	*	*	*	*	*	*	*	*	*	*	*	
-	*	*	*	*	*	*	*	*	*	*	*	*	*	
-	*	*	*	*	*	*	*	*	*	*	*	*	*	
-	*	*	*)	*	*	*	*	*	*	*	*	*	*	
-	*	*)	*	*	*	*	*	*	*	*	*	*	*	
-	*	*	*	*	*	(ARG1*	*	*	*	*	*	*	(ARG2*	
-	*	*	*	*	*	*	*	*	*	*	*	*	*	
-	*	*	*	*	*	*	*	*	*	*	*	*	*	
-	*	*	*	*	*	*	*	*	*	*	*	*	*	
-	*	*	*	*	*	*)	*	*	*	*	*	*	*	
-	*	*	*	*	*	*	*	*	*	*	*	*	*	
-	*	*	*	*	*	*	*	*	*	*	*	*	*	
-	*	*	*	*	*	*	*	*	*	*	*	*	*	
-	*	*	*	*	*	*	*	*	*	*	*	*	*	
-	*	*	*	*	*	*	*	*	*	*	*	*	*)	
V	*	*	*	*	(V*)	*	*	*	*	*	*	*	*	
-	*	*	*	*	(ARG2*)	*	*	*	*	*	*	*	*	
-	*	*	*	*	*	(R-ARG0*)	*	*	*	*	*	*	*	
V	*	*	*	*	*	(V*)	*	*	*	*	*	*	*	
-	*	*	*	*	*	*	*	*	*	*	*	*	*	
-	*	*	*	*	*	(ARG1*)	*	*	*	*	*	*	*	
-	*	*	*	*	*	(ARG1*	*	*	*	*	*	*	*	
V	*	*	*	*	*	*	(V*)	*	*	*	*	*	*	
-	*	*	*	*	*	*	(ARG1*	*	*	*	*	*	*	
V	*	*	*	*	*	*	*	(V*)	*	*	*	*	*	
-	*	*	*	*	*	*	*	(ARG1*	*	*	*	*	*	
-	*	*	*	*	*	*	*	*	*	*	*	*	*	
-	*	*	*	*	*	*	*	*	*	*	*	*	*	
-	(ARG1*	*	*	*	*	*	*	*	*	*	*	*	*	
-	*	*	*	*	*	*	*	*	*	*	*	*	*	
-	*)	*	*	*	*	*)	*)	*)	*	*	*	*	*	
-	*	*	*	*	*	*	*	*	*	*	*	*	*	
-	(ARG1*)	*	*	*	*	*	*	*	*	*	*	*	*	
-	*	*	*	*	*	*	*	(ARG1*	*	(R-ARG0*)	*	*	*	
V	*	*	*	*	*	*	*	*	(V*)	(ARGM-MOD*)	*	*	*	
-	*	*	*	*	*	*	*	*	*	(ARGM-NEG*)	*	*	*	
V	*	*	*	*	*	*	*	*	*	(V*)	*	*	*	
-	*	*	*	*	*	*	*	*	*	(ARG1*	*	*	*	
-	*	*	*	*	*	*	*	*	*	*	*	*	*	
-	*	*	*	*	*	*	*	*	*	*	*	*	*	
-	*	*	*	*	*	*	*	*	*	*	*	*	*	
-	*	*	*	*	*	*	*	*	*	*	*	*	*	
-	*	*	*	*	*	*	*	*	*	*	*	*	*	
-	*	*	*	*	*	*	*	*	*	*	*	*	*	
-	*	*	*	*	*	*	*	*)	*	*)	*	*	*	
-	*	*	*	*	*	*	*	*	*	*	*	*	*	
-	*	*	*	*	*	*	*	*	*	*	*	*	*	
-	*	*	*	*	*	*	*	*	*	*	(ARG0*)	*	*	
V	*	*	*	*	*	*	*	*	*	*	(V*)	*	*	
-	*	*	*	*	*	*	*	*	*	*	(ARG1*)	*	*	
-	*	*	*	*	*	*	*	*	*	*	(ARG1*	*	*	
V	*	*	*	*	*	*	*	*	*	*	*	(V*)	*	
-	*	*	*	*	*	*	*	*	*	*	*	(ARG1*	*	
V	*	*	*	*	*	*	*	*	*	*	*)	*)	(V*)	
-	*	*	*	*	*	*	*	*	*	*	*	*	*	
-	*	*	*	*	*	*	*	*	*	*	*	(ARG2*)	*	
-	*	*	*	*	*	*	*	*	*	*	*	(ARGM-TMP*)	*	
-	*	*	*	*	*	*	*	*	*	*	*	*	*	

-	(ARG0*)	*	*	*	
V	(V*)	*	*	*	
-	(ARG1*	*	*	*	
-	*	*	*	*	
-	*	*	*	*	
-	*)	*	*	*	
-	(ARGM-LOC*	*	*	*	
V	*)	(V*)	*	*	
-	*	*	*	*	
-	*	*	*	(ARG1*	
V	*	*	(V*)	*)	
V	*	*	*	(V*)	
-	*	*	*	(ARG2*)	
-	*	*	*	(ARG2*	
-	*	*	*	*	
-	*	*	*	*	
-	(ARG1*	*	*	*	
-	*)	*	*	*)	
-	*	*	*	*	

-	*	*	*	(ARG1*	*	*	*	*	
V	(V*)	*	*	*	*	*	*	*	
-	*	*	*	*	*	*	*	*	
V	*	(V*)	*	*	*	*	*	*	
-	*	*	*	*	*	*	*	*	
-	*	*	*	*	*	*	*	*	
-	*	*	*	*	*	*	*	*	
-	*	*	*	*	*	*	*	*	
-	*	*	*	*	*	*	*	*	
-	*	(ARG1*	*	*	*	*	*	*	
-	*	*	*	*	*	*	*	*	
-	*	*	*	*	*	*	*	*	
-	*	*)	*	*	*	*	*	*	
-	*	*	*	*	*	*	*	*	
-	*	*	*	*	*	*	*	*	
-	*	*	*	*	*	*	*	*	
-	*	*	*	*	*	*	*	*	
-	*	*	*	*	*	*	*	*	
-	*	*	*	*	*	*	*	*	
-	*	*	*	*	*	*	*	*	
V	*	*	(V*)	*)	*	*	*	*	
V	*	*	*	(V*)	*	*	*	*	
V	*	*	*	*	(V*)	*	*	*	
V	*	*	*	*	*	(V*)	*	*	
-	*	*	*	*	*	(ARG2*)	*	*	
-	*	*	*	*	*	*	*	*	
-	*	*	*	*	*	*	*	(ARG1*	
-	*	*	*	*	*	*	*	*	
-	(ARG1*	*	*	*	*	*	*	*	
-	*	*	*	*	*	*	*	*	
-	*	*	*	*	*	*	*	*	
-	*	*	*	*	*	*	*	*	
V	*	*	*	*	*	*	(V*)	*	
-	*	*	*	*	*	*	*	*	
-	*	*	*	*	*	*	*	*	
-	*	*	*	*	*	*	*	*	
-	*	*	*	*	*	*	*	*	
-	*	*	*	*	*	*	*	*	
-	*	*	*	*	*	*	*	*)	
V	*)	*	*	*	*	*	*	(V*)	
-	*	*	*	*	*	*	*	(ARG1*	
-	*	*	*	*	*	*	*	*	
-	*	*	*	*	*	*	*	*	
-	*	*	*	*	*	*	*	*	
-	(ARG1*	*	*	*	*	*	*	*	
-	*)	*	*	*	*	*	*	*)	
-	*	*	*	*	*	*	*	*	

-	*	*	(ARG1*	*	*	*	*	
-	*	*	*	*	*	*	*	
-	*	*	*	*	*	*	*	
-	*	*	*)	*	*	*	*	
-	(ARGM-MOD*)	*	*	*	*	*	*	
V	(V*)	*	*	*	*	*	*	
-	(ARG2*	*	*	*	*	*	*	
V	*)	(V*)	*	*	*	*	*	
-	*	*	*	(ARGM-LVB*	*	*	*	
V	*	*	(V*)	*)	*	*	*	
-	*	*	(ARG1*	*	*	*	*	
V	*	*	*)	(V*)	*	*	*	
-	*	*	(ARG1*	*	*	*	*	
V	*	*	*)	*	(V*)	*	*	
-	*	*	*	*	*	*	*	
-	*	*	*	*	(ARG1*)	*	*	
-	*	*	*	*	*	*	*	
-	*	*	*	*	*	*	*	
-	*	*	*	*	*	*	*	
-	*	*	*	*	*	*	*	
-	*	*	*	*	*	*	*	
-	*	*	*	*	*	*	(ARG1*)	
V	*	*	*	*	*	(V*)	*	
V	*	*	*	*	*	*	(V*)	
-	*	*	*	*	*	*	(ARG1*)	
-	*	*	*	*	*	*	*	
-	*	*	*	*	*	*	*	
-	*	*	*	*	*	*	*	
-	*	*	*	*	*	*	*	
-	*	*	*	*	*	*	*	

-	(ARG0*	*	
-	*)	*	
V	(V*)	*	
-	(ARG1*	*	
-	*	*	
-	*	*	
-	*)	*	
-	(ARGM-LOC*	*	
-	*	*	
V	*	(V*)	
-	*	(ARG1*	
-	*)	*)	
-	*	*	

-	
-	
-	
-	
-	

-	(ARG0*	*	*	*	*	*	*	*	
-	*	*	*	*	*	*	*	*	
-	*)	*	*	*	*	*	*	*	
-	*	*	*	*	*	*	*	*	
-	*	*	*	*	*	*	*	*	
-	(ARG1*)	*	*	*	*	*	*	*	
-	*	*	*	*	*	*	*	*	
-	*	*	*	*	*	*	*	(ARG2*)	
-	*	*	*	*	*	*	*	*	
V	(ARG2*)	*	*	*	*	*	*	*	
-	*	*	*	*	*	*	*	*	
V	*	(V*)	*	*	*	*	*	*	
V	*	(ARG1*)	(V*)	*	*	*	*	*	
-	*	(ARG2*	*	*	*	*	*	*	
V	*	*	*	(V*)	*	*	*	*	
-	*	*	*	(ARG1*	*	*	*	*	
-	*	*	*	*	*	*	*	*	
-	*	*	*	*	*	*	*	*	
-	*	*	*	*	*	*	*	*	
-	(ARG1*	*	*	*	*	*	*	*	
-	*	*	*	*	*	*	*	*	
V	*)	*	*	*)	(V*)	*	*	*	
-	*	*	*	(ARGM-LOC*	*	*	*	*	
-	*	*	*	*	*	*	*	*	
-	*	*	*	*)	*	*	*	*	
-	*	*	*	*	*	*	*	*	
-	*	*	*	*	*	(ARGM-ADV*)	*	*	
V	*	*)	*	*	*	(V*)	*	*	
-	*	*	*	*	*	*	(ARG0*	*	
-	*	*	*	*	*	*	*)	*	
-	*	*	*	*	*	*	(ARGM-MOD*)	*	
V	*	*	*	*	*	*	(V*)	*	
-	*	*	*	*	*	*	(ARG1*	*	
V	*	*	*	*	*	*	*)	(V*)	
-	*	*	*	*	*	*	*	*	

-	*	(ARG0*	*	*	*	*	
-	*	*)	*	*	*	*	
V	(V*)	*	*	*	*	*	
V	*	(V*)	*	*	*	*	
-	*	(ARG1*	*	*	*	*	
V	*	*	(V*)	*	*	*	
-	*	*	*	*	*	*	
V	*	*	*	(V*)	*	*	
-	*	*	*	*	*	*	
-	*	*	*	(ARG1*)	*	*	
-	*	*	*	*	*	*	
-	*	*	*	(ARG1*	(ARGM-NEG*)	*	
V	*	*	*	*	(V*)	*	
-	*	*	*	*	(ARG1*	*	
-	*	*	*	*	*	*	
-	*	*	*	*	*	*	
-	*	*	*	*	*	*	
-	*	*	*	*	*	*	
-	*	*	*	*	*	(ARG0*)	
V	*	*	*	*	*	(V*)	
-	*	*	*	*	*	(ARG1*)	
-	*	*	*	*	*	(ARG2*	
-	*	*	*	*	*	*	
-	*	*	*	*	*	*	
-	*	*	*	*	*	*	
-	*	*	*	*	*	*	
-	*	*	*	*)	*)	*)	
-	*	*)	*	*	*	*	

-	*	*	*	*	*	*	*	*	
-	(ARG0*)	*	*	*	*	*	*	*	
V	(V*)	*	*	*	*	*	*	*	
-	*	(ARG1*)	*	*	*	*	*	*	
V	*	(V*)	*	*	*	*	*	*	
-	*	*	*	*	*	*	*	*	
-	*	*	*	*	*	*	*	*	
-	*	*	*	*	*	*	*	*	
V	*	*	(V*)	*	*	*	*	*	
-	*	*	(ARG1*	*	*	*	*	*	
-	*	*	*	*	*	*	*	*	
-	*	*	*	(ARG0*)	*	*	*	*	
V	*	*	*	(V*)	*	*	*	*	
-	*	*	*	(ARG1*)	*	*	*	*	
-	*	*	*	(ARG1*	(ARG1*)	*	*	*	
V	*	*	*	*	(V*)	*	*	*	
V	*	*	*	*)	*	(V*)	*	*	
-	*	*	*	(ARG1*	*	*	*	*	
V	*	*	*	*	*	*	(V*)	*	
-	*	*	*	*)	*	*	(ARG1*)	*	
-	*	*	*	*	*	*	*	*	
-	*	*	*)	*	*	*	*	*	
-	*	*	*	*	*	*	*	*	
-	*	*	*	*	*	*	(ARGM-LOC*)	*	
-	*	*	*	*	*	*	*	*	
-	*	*	*	*	*	*	*	*	
V	*	*	*	*	*	*	*	(V*)	
-	*	*	*	*	*	*	*	*	
-	*	*	*	*	*	*	*	*	
-	*	*	*	*	*	*	*	*	
-	*	*	*	*	*	*	*	*	
-	*	*	*	*	*	*	*	*	
-	*	*	*	*	*	*	*	*	
-	*	*	*	*	*	*	*	*	
-	*	*	*	*	*	*	*	*	
-	*	*	*	*	*	*	*	*	
-	*	*	*	*	*	*	*	*	
-	*	*	*	*	*	*	*	*	
-	*	*	*	*	*	*	*	*	
-	*	*	*	*	*	*	*	*	
-	(ARG1*)	*	*	*	*	*	*	*	
-	*	*	*	*	*	*	*	*	
-	*	*	*	*	*	*	*	*	

-	(ARG1*)	*	*	*	*	
V	(V*)	*	*	*	*	
-	(ARG2*)	*	*	*	*	
-	*	*	(ARG0*)	*	*	
V	*	(V*)	(ARGM-MOD*)	*	*	
-	*	*	(ARGM-NEG*)	*	*	
V	*	*	(V*)	*	*	
-	*	*	(ARG1*)	*	*	
V	*	*	(ARG1*	(V*)	*	
-	*	*	*	*	*	
V	*	*	*)	*	(V*)	
-	*	*	(ARG2*	*	*	
-	*	*	*	*	*	
-	*	*	*)	*	*	
-	*	*	*	*	*	

-	(ARG1*)	*	
V	(V*)	*	
-	(ARG2*	*	
V	*)	(V*)	
-	(ARG2*	*	
-	*	*	
-	*	*	
-	*)	*	

-	*	*	(ARG0*	
V	(V*)	*	*	
-	(ARG1*	*	*	
-	*	*	*	
-	*	*	*	
-	*	*	*	
-	*)	*	*	
-	*	*	*	
-	*	*	*	
-	*	*	*)	
-	*	*	(R-ARG0*)	
V	*	(V*)	(ARGM-MOD*)	
-	*	*	(ARGM-NEG*)	
-	(ARG1*)	*	*	
V	(ARG1*	*	(V*)	
-	*	*	(ARG1*)	
-	*	*	(ARG1*	
-	*	*	*)	
-	*)	*	*	
-	*	*	(ARGM-MOD*)	
-	*	*	(ARGM-LOC*	
-	*	*	*)	
-	*	*	*	

-	*	*	*	
-	*	*	(ARG1*	
-	*	(ARG0*	*	
V	(V*)	*)	*	
-	*	*	*	
V	*	(V*)	*)	
-	*	*	*	
-	*	(ARG1*)	*	
-	*	*	*	
-	(ARG1*	*	*	
-	*	*	*	
-	*	*	*	
-	*	*	*	
-	*)	*	*	
V	*	*	(V*)	
-	*	*	*	
-	*	*	(ARG1*	
-	*	*	*	
-	*	*	*	
-	*	*	*	
-	*	*	*	
-	*	*	*	
-	*	*	*)	
-	*	*	*	
-	*	*	*	

-	
-	
-	
-	
-	
-	
-	

-	
-	
-	
-	
-	
-	
-	
-	

-	
-	
-	
-	
-	
-	
-	

-	
-	
-	
-	
-	
-	
-	
-	

-	
-	
-	
-	
-	
-	
-	

-	
-	
-	
-	
-	
-	
-	
-	

-	
-	
-	
-	
-	
-	
-	

-	
-	
-	
-	
-	
-	

-	
-	
-	
-	
-	
-	
-	

-	
-	
-	
-	
-	
-	
-	
-	

-	
-	
-	
-	
-	
-	
-	
-	

-	
-	
-	
-	
-	
-	
-	
-	

-	
-	
-	
-	
-	
-	
-	
-	

-	
-	
-	
-	
-	
-	
-	

-	*	
-	*	
-	*	
-	*	
-	*	
-	*	
V	(V*)	
-	*	
-	*	
-	*	
-	*	
-	*	

-	
-	
-	
-	
-	
-	
-	

-	
-	
-	
-	
-	
-	
-	

-	
-	
-	
-	
-	
-	
-	
-	

-	*	*	*	*	
-	*	*	*	*	
-	*	*	*	*	
-	*	*	*	*	
-	*	*	*	*	
-	*	*	*	*	
-	*	*	*	*	
-	*	*	*	*	
-	*	*	*	*	
V	(V*)	*	*	*	
V	*	(V*)	*	(ARG1*	
-	*	*	*	*	
-	*	*	*	*	
-	*	*	*	*	
-	*	*	*	*	
-	*	*	*	*	
-	*	*	*	*	
V	*	*	(V*)	*)	
V	*	*	*	(V*)	
-	*	*	*	*	
-	*	*	*	(ARG2*)	
-	*	*	*	*	
-	*	*	*	*	
-	*	*	*	*	
-	*	*	*	*	
-	*	*	*	*	
-	*	*	*	*	
-	*	*	*	*	
-	*	*	*	*	
-	*	*	*	*	
-	*	*	*	*	
-	*	*	*	*	
-	*	*	*	*	

-	
-	
-	
-	
-	
-	
-	
-	
-	

-	
-	
-	
-	
-	
-	
-	

-	
-	
-	
-	
-	
-	
-	

-	
-	
-	
-	
-	
-	
-	
-	

-	
-	
-	
-	
-	
-	
-	
-	
-	

-	
-	
-	
-	
-	
-	
-	
-	

-	
-	
-	
-	
-	
-	
-	

-	
-	
-	
-	
-	
-	
-	
-	

-	
-	
-	
-	
-	
-	
-	
-	
-	
-	
-	

-	
-	
-	
-	
-	
-	
-	
-	

-	
-	
-	
-	
-	
-	
-	
-	
-	
-	
-	

-	*	(ARG0*)	*	*	*	*	*	
V	(V*)	*	*	*	*	*	*	
V	*	(V*)	*	(ARG0*	*	*	*	
-	*	*	*	*	*	*	*	
-	*	(ARG1*)	*	*	*	*	*	
-	*	*	*	*	*	*	*	
-	*	*	*	*	*	*	*	
-	*	*	*	*	*	*	*	
-	*	*	*	*)	*	*	*	
-	*	*	*	(R-ARG0*)	*	*	*	
V	*	*	(V*)	*	*	*	*	
-	*	(ARG1*	*	(ARGM-NEG*)	*	*	*	
V	*	*	*	(V*)	*	*	*	
-	*	*	*	(ARG1*	*	*	*	
-	*	*	*	*	*	*	*	
-	*	*	*	*)	*	*	*	
V	*	*)	*	(ARGM-TMP*)	(V*)	*	*	
-	*	*	*	*	*	*	*	
-	*	*	*	(ARGM-ADV*	*	*	*	
-	*	*	*	*	*	*	(ARG1*)	
V	*	*	*	*	*	(V*)	*	
V	*	*	*	*	*	*	(V*)	
-	*	*	*	*	*	*	(ARG1*	
-	*	*	*	*	*	*	*	
-	*	*	*	*	*	*	*	
-	*	*	*	*	*	*	*	
-	*	*	*	*	*	*	*	
-	*	*	*	*)	*	*	*)	
-	*	*	*	*	*	*	*	

-	*	*	
-	*	*	
-	*	*	
-	(ARG1*)	*	
V	(V*)	*	
-	(ARG2*	*	
-	*	*	
-	*)	*	
-	*	(ARG1*)	
-	*	*	
-	*	(ARG1*)	
V	*	(V*)	
-	*	(ARG2*	
-	*	*	
-	*	*	
-	*	*)	

-	*	*	*	*	*	*	*	*	*	*	
-	*	*	*	*	*	*	*	*	*	*	
-	*	(ARG0*)	*	*	*	*	*	*	*	*	
V	(V*)	*	*	*	*	*	*	*	*	*	
-	*	(ARGM-NEG*)	*	*	*	*	*	*	*	*	
V	*	(V*)	*	*	*	*	*	*	*	*	
-	*	(ARG1*	*	*	*	*	*	*	*	*	
V	*	*	(V*)	*	*	*	*	*	*	*	
-	*	*	(ARG1*)	*	*	*	*	*	*	*	
-	*	*	(ARG1*	(ARG0*)	*	*	*	*	*	*	
-	*	*	*	(ARGM-MOD*)	*	*	*	*	*	*	
V	*	*	*	(V*)	*	*	*	*	*	*	
-	*	*	*	(ARG1*)	*	*	*	*	*	*	
V	*	*	*	(ARG1*	(V*)	*	*	*	*	*	
-	*	*	*	*	*	*	*	*	*	*	
-	*	*	*	*	*	*	*	*	*	*	
-	*	*	*	*)	*	*	*	*	*	*	
-	*	*	*	(ARG1*	*	*	*	*	*	*	
V	*	*	*	*	*	(V*)	*	*	*	*	
-	*	*	*	*	*	(ARG1*)	*	*	*	*	
V	*	*)	*)	*)	*	*	(V*)	*	*	*	
-	*	*	*	*	*	*	*	*	*	*	
V	*	*	*	*	*	(ARG2*)	*	(V*)	*	*	
-	*	*	*	*	*	*	*	*	*	*	
-	*	*	*	*	*	*	*	*	*	(ARG1*	
V	*	*	*	*	*	*	*	*	(V*)	*	
-	*	*	*	*	*	*	*	*	*	*)	
V	*	*	*	*	*	*	*	*	*	(V*)	
-	*	*	*	*	*	*	*	*	*	*	

-	(ARG1*	*	*	*	
-	*	*	*	*	
-	*	*	*	*	
-	*	*	*	*	
-	*	*	*	*	
-	*)	*	*	*	
-	*	*	*	*	
-	*	*	*	*	
-	*	*	*	*	
-	*	*	*	*	
-	*	*	*	*	
-	*	*	*	*	
-	*	*	*	*	
-	*	*	*	*	
-	*	*	*	*	
-	*	*	*	*	
-	*	*	*	*	
-	*	*	*	*	
-	*	*	*	*	
-	(ARG1*	*	*	*	
-	*)	*	*	*	
-	(ARGM-ADV*)	*	*	*	
V	(V*)	*	*	*	
-	*	*	*	*	
-	*	*	*	*	
-	(ARG1*	(ARG0*)	*	*	
V	*)	(V*)	*	*	
-	*	*	*	*	
-	*	*	*	*	
-	*	(ARG2*)	*	*	
-	*	*	*	*	
-	*	*	*	*	
-	*	*	*	*	
-	*	*	*	*	
-	*	*	*	*	
-	*	*	*	*	
-	*	*	*	*	
-	*	*	*	*	
-	*	*	*	*	
V	*	*	(V*)	*	
V	*	*	*	(V*)	
-	*	*	*	(ARG1*)	
-	*	*	*	(ARG2*	
-	*	*	*	*	
-	*	*	*	*	
-	*	*	*	*	
-	*	*	*	*	
-	*	*	*	*	
-	*	*	*	*	
-	*	*	*	*	
-	*	*	*	*	
-	*	*	*	*)	
-	*	*	*	*	

-	(ARG1*	*	
-	*)	*	
V	(V*)	*	
-	(ARG2*	*	
-	*	*	
V	*	(V*)	
-	*)	*	

-	*	*	*	*	
-	*	*	*	*	
-	*	*	*	*	
-	*	*	*	*	
-	*	*	*	*	
-	*	*	*	*	
-	*	*	*	*	
-	*	*	*	*	
V	(V*)	*	*	*	
V	*	(V*)	*	*	
-	*	(ARG1*	*	*	
V	*	*	(V*)	*	
V	*	*	*	(V*)	
-	*	*	*	*	
-	*	*	*	*	
-	*	*	*	*	
-	*	*	*	*	
-	*	*	*	*	
-	*	*	*	*	
-	*	*	*	*	
-	*	*	*	*	
-	*	*	*	*	
-	*	*	*	*	
-	*	*)	*	*	
-	*	*	*	*	

-	*	(ARG0*	*	*	*	
-	*	*	*	*	*	
-	*	*)	*	*	*	
-	*	*	*	*	*	
-	*	*	*	*	*	
V	(V*)	*	*	*	*	
-	*	*	*	*	*	
-	*	*	*	*	*	
V	*	(V*)	*	*	*	
-	*	(ARG1*	*	*	*	
-	*	*	*	(ARG0*)	*	
V	*	*	(V*)	(ARGM-MOD*)	*	
-	*	*	*	(ARGM-NEG*)	*	
V	*	*	*	(V*)	*	
-	*	*	*	(ARG1*	*	
-	*	*)	*	*)	*	
-	*	*	*	*	*	
-	*	*	*	*	*	
-	*	*	*	*	*	
V	*	*	*	*	(V*)	
-	*	*	*	*	(ARG1*	
-	*	*	*	*	*	
-	*	*	*	*	*	
-	*	*	*	*	*)	
-	*	*	*	*	(ARG1*)	
-	*	*	*	*	*	
-	*	*	*	*	*	
-	*	*	*	*	*	
-	*	*	*	*	*	
-	*	*	*	*	*	
-	*	*	*	*	*	
-	*	*	*	*	*	
-	*	*	*	*	*	
-	*	*	*	*	*	

-	*	*	*	*	*	*	*	*	
-	*	(ARG1*	*	(ARG1*	*	*	*	*	
V	(V*)	*)	*	*	*	*	*	*	
V	*	(V*)	*	*	*	*	*	*	
V	*	*	(V*)	*)	*	*	*	*	
-	*	*	*	*	*	*	*	*	
-	*	*	*	(ARG1*)	*	*	*	*	
V	*	*	*	(V*)	*	*	*	*	
-	*	*	*	(ARG2*	*	*	*	*	
-	*	*	*	*	*	*	*	*	
V	*	*	*	*)	(V*)	*	*	*	
-	*	*	*	*	*	*	*	*	
-	*	*	*	*	*	*	*	*	
-	(ARG1*	*	*	*	*	*	*	(ARG1*	
-	*	*	*	*	*	*	*	*	
-	*	*	*	*	*	*	*	*	
-	*	*	*	*	*	*	*	*	
-	*	*	*	*	*	*	*	*	
-	*	*	*	*	*	*	*	*)	
V	*	*	*	*	*	(V*)	*	(ARGM-MOD*)	
V	*	*	*	*	*	*	(V*)	(ARGM-NEG*)	
-	*	*	*	*	*	*	*	(ARGM-NEG*)	
V	*	*	*	*	*	*	*	(V*)	
-	*)	*	*	*	*	*	*	*	
-	*	*	*	*	*	*	*	*	
-	*	*	*	*	*	*	*	(ARGM-LOC*	
-	*	*	*	*	*	*	*	*	
-	*	*	*	*	*	*	*	*	
-	*	*	*	*	*	*	*	*	
-	*	*	*	*	*	*	*	*)	

-	*	(ARG1*	*	*	
V	(V*)	*)	*	*	
V	*	(V*)	*	*	
-	*	(ARG2*	*	*	
-	*	*	*	*	
-	*	*	*	*	
-	*	*	*	*	
-	*	*	*	*	
-	*	*	*	*	
-	*	*	*	*	
V	*	*	(V*)	*	
-	*	*	*	*	
-	*	*	*	*	
-	*	*	*	*	
-	*	*	*	*	
-	*	*	*	*	
V	*	*	*	(V*)	
-	*	*	*	*	
-	*	*	*	*	
-	*	*	*	*	
-	*	*)	*	*	

-	(ARG1*)	*	
V	(V*)	*	
-	(ARG2*	*	
-	*	*	
-	*	*	
-	*	*	
V	*	(V*)	
-	*	*	
-	*	*	
-	*)	*	

-	*	*	
-	*	*	
-	*	*	
-	*	*	
-	(ARG1*)	*	
V	(V*)	*	
-	(ARG2*	*	
-	*	*	
-	*	*	
-	*	*	
-	*	*	
-	*	*	
-	*	*	
-	*	*	
-	*)	*	
-	*	*	
-	*	*	
-	*	(R-ARG0*)	
V	*	(V*)	
-	*	(ARG1*	
-	*	*	
-	(ARG1*	*	
-	*	*	
-	*	*	
-	*	*	
-	*)	*)	

-	*	(ARG0*)	*	*	*	
-	*	(ARGM-MOD*)	*	*	*	
-	*	*	*	*	*	
V	(V*)	*	*	*	*	
V	*	(V*)	*	*	*	
-	*	(ARG1*	*	*	*	
V	*	*)	(V*)	*	*	
-	*	*	*	*	*	
-	*	*	*	*	*	
-	*	*	*	*	*	
-	*	*	*	*	*	
-	*	*	*	*	*	
-	*	*	(ARG1*	*	*	
-	*	*	*	*	*	
-	*	*	*)	*	*	
-	*	*	*	*	*	
-	*	*	*	*	*	
-	*	*	*	*	*	
-	*	*	*	*	*	
-	*	*	*	*	*	
-	*	*	*	*	*	
-	*	*	*	(ARG1*)	*	
V	*	*	*	(V*)	*	
-	*	*	*	(ARG2*	*	
-	*	*	*	*	*	
-	*	*	*	*	*	
V	*	*	*	*)	(V*)	
-	*	*	*	*	*	

-	*	*	(ARG0*	*	*	*	
-	(ARG1*)	*	*	*	*	*	
V	(V*)	*	*	*	*	*	
-	(ARG2*)	*	*	*	*	*	
-	*	*	*	*	*	*	
-	*	*	*	*	*	*	
V	*	(V*)	*)	*	*	*	
V	*	*	(V*)	*	*	*	
-	*	*	*	*	*	*	
-	*	*	*	*	(ARG1*)	*	
V	*	*	*	(V*)	*	*	
-	*	*	(ARG2*)	*	*	*	
V	*	*	*	*	(V*)	*	
-	*	*	*	*	(ARG1*	*	
-	*	*	*	*	*	*	
-	*	*	*	*	*	*	
-	*	*	*	*	*	*	
-	*	*	*	*	*	*	
-	*	*	*	*	*	*	
-	*	*	*	*	*	*	
-	*	*	*	*	*	*	
-	*	*	*	*	*	*	
-	*	*	*	*	*	*	
-	*	*	*	*	*	*	
V	*	*	*	*	*)	(V*)	
-	*	*	*	*	*	*	
-	*	*	*	*	*	(ARG1*	
-	*	*	*	*	*	*	
-	*	*	*	*	*	*	
-	*	*	*	*	*	*	
-	*	*	*	*	*	*	
-	*	*	*	*	*	*)	
-	*	*	*	*	*	*	

-	*	*	*	
-	*	(ARGM-TMP*)	*	
-	*	(ARG0*)	*	
V	(V*)	*	*	
V	*	(V*)	*	
-	*	*	*	
-	*	(ARG1*)	*	
-	*	*	*	
-	*	*	*	
-	*	*	*	
-	*	*	*	
-	*	*	*	
-	*	*	*	
-	*	*	*	
-	*	*	*	
-	*	*	*	
-	*	*	*	
-	*	*	*	
-	*	*	*	
-	*	*	*	
-	*	*	*	
-	*	*	*	
-	*	*	*	
-	*	*	*	
-	*	*	(ARG1*)	
V	*	*	(V*)	
-	*	*	(ARG2*	
-	*	*	*	
-	*	*	*	
-	*	*	*)	
-	*	*	*	
-	*	*	*	
-	*	*	*	
-	*	*	*	
-	*	*	*	
-	*	*	*	

-	*	(ARG1*	
-	*	*	
-	*	*)	
-	*	*	
-	*	*	
-	*	*	
-	(ARG1*)	*	
V	(V*)	*	
-	(ARG2*	*	
-	*	*	
-	*	*	
-	*	*	
-	*	*	
-	*	*	
-	*	*	
-	*	*	
-	*	*	
-	*	*	
-	*	*	
-	*	*	
-	*	*	
-	*	*	
-	*	*	
-	*	*	
-	*	*	
-	*	*	
-	*)	*	
V	*	(V*)	
-	*	(ARG2*)	
-	*	*	

-	*	(ARG0*)	*	
V	(V*)	*	*	
-	*	*	*	
-	*	*	(ARG1*)	
-	*	*	*	
-	*	*	*	
-	*	*	*	
-	*	*	*	
-	*	*	*	
-	*	*	*	
-	*	*	*	
-	*	*	*	
-	*	*	*	
-	*	*	*	
-	*	*	*	
V	*	(V*)	*	
-	*	(ARG1*	*	
-	*	*	*	
V	*	*)	(V*)	
-	*	*	*	
-	*	*	*	
-	*	*	*	
-	*	*	*	
-	*	*	*	
-	*	*	*	
-	*	*	*	
-	*	*	*	

-	(ARG0*)	*	
-	*	*	
V	(V*)	*	
-	(ARG1*	*	
-	*	*	
V	*	(V*)	
-	*	(ARG1*	
-	*	*	
-	*	*	
-	*	*	
-	*	*	
-	*	*	
-	*)	*)	
-	*	*	

-	(ARG1*)	*	*	*	*	*	
V	(V*)	*	*	*	*	*	
-	(ARG2*)	*	*	*	*	*	
-	*	*	*	*	*	*	
V	*	(V*)	*	*	*	*	
-	*	(ARG1*	*	*	*	*	
-	*	*	*	*	*	*	
-	*	*	*	*	*	*	
-	*	*	*	*	*	*	
-	*	*	*	*	*	*	
-	*	*	*	*	*	*	
-	*	*	*	*	*	*	
V	*	*	(V*)	*	*	*	
-	*	*	*	*	*	*	
-	*	*	*	(ARG0*)	*	*	
V	*	*	*	(V*)	*	*	
-	*	*	*	*	*	*	
-	*	*	*	(ARG1*)	*	*	
-	*	*	(ARG1*	*	*	*	
-	*	*	*	*	*	*	
V	*	*	*	*	(V*)	*	
-	*	*	*	*	(ARGM-ADJ*	*	
V	*	*)	*)	*	*)	(V*)	
-	*	*	*	*	*	*	
-	*	*	*	*	*	(ARGM-LOC*	
-	*	*	*	*	*	*	
-	*	*	*	*	*	*	
-	*	*	*	*	*	*	
-	*	*	*	*	*	*	
-	*	*	*	*	*	*	
-	*	*	*	*	*	*	
-	*	*	*	*	*	*	
-	*	*	*	*	*	*	
-	*	*	*	*	*	*	
-	*	*	*	*	*	*	
-	*	*	*	*	*	*	
-	*	*	*	*	*	*)	

-	*	*	*	*	*	
-	*	*	*	*	*	
-	(ARG1*)	*	*	*	*	
V	(V*)	*	*	*	*	
-	*	*	*	*	*	
-	*	*	*	*	*	
-	*	*	*	*	*	
V	*	(V*)	*	*	*	
-	*	*	*	*	*	
-	*	*	*	*	*	
-	*	*	(ARG1*)	*	*	
V	*	*	(V*)	*	*	
-	*	*	*	*	*	
V	*	*	*	(V*)	*	
-	*	*	*	*	*	
-	*	*	*	*	*	
-	*	*	*	*	*	
-	*	*	*	*	*	
-	*	*	(ARGM-LOC*	*	*	
-	*	*	*	*	*	
V	*	*	*	*	(V*)	
-	*	*	*)	*	*	
-	*	*	*	*	*	
-	*	*	*	*	*	
-	*	*	*	*	*	
-	*	*	*	*	*	
-	*	*	*	*	*	
-	*	*	*	*	*	
-	*	*	*	*	*	
-	*	*	*	*	*	

-	*	(ARG0*	*	*	
-	*	*	*	*	
-	*	*	*	*	
-	*	*)	*	*	
-	*	*	*	*	
V	(V*)	*	*	*	
V	*	(V*)	*	*	
-	*	(ARG1*	*	*	
-	*	*	*	*	
V	*	*	(V*)	*	
-	*	*	*	*	
-	*	*)	*	*	
-	*	*	*	*	
-	*	*	*	*	
-	*	*	*	*	
-	*	*	(ARG1*	*	
-	*	*	*	*	
-	*	*	*	*	
-	*	*	*	*	
-	*	*	*)	*	
-	*	*	*	*	
-	*	*	*	*	
-	*	*	*	*	
-	*	*	*	*	
-	*	*	*	*	
-	*	*	*	*	
-	*	*	*	*	
-	*	*	*	*	
-	*	*	*	*	
V	*	*	*	(V*)	
-	*	*	*	*	

-	*	(ARG1*	*	*	*	*	*	
-	*	*	*	*	*	*	*	
V	(V*)	*)	*	*	*	*	*	
V	*	(V*)	*	*	*	*	*	
-	*	*	*	*	*	*	*	
-	*	*	*	*	*	*	*	
-	*	(ARG1*	*	*	*	*	*	
-	*	*	*	*	*	*	*	
-	*	*)	*	*	*	*	*	
V	*	*	(V*)	*	*	*	*	
-	*	*	(ARG1*	*	*	*	*	
-	*	*	*	*	*	*	*	
-	(ARGM-ADJ*)	*	*	*	*	*	*	
-	*	*	*	*	*	*	*	
-	*	*	*	*	(ARG0*	*	*	
-	*	*	*	*	*)	*	*	
V	*	*	*	(V*)	*	*	*	
V	*	*	*)	*	(V*)	*	*	
V	*	*	*	*	*	(V*)	*	
-	*	*	*	*	*	(ARG1*	*	
-	*	*	*	*	*	*)	*	
-	*	*	*	*	*	*	*	
-	*	*	*	*	*	*	*	
-	*	*	*	*	*	*	*	
-	*	*	*	*	*	*	*	
V	*	*	*	*	*	*	(V*)	
-	*	*	*	*	*	*	(ARG2*	
-	*	*	*	*	*	*	*	
-	*	*	*	*	*	*	*	
-	*	*	*	*	*	*	*	
-	*	*	*	*	*	*	*	
-	*	*	*	*	*	*	*)	
-	*	*	*	*	*	*	*	

-	*	*	(ARG1*)	
V	(V*)	*	*	
V	*	(V*)	*	
V	*	*	(V*)	
-	*	*	*	
-	*	*	*	
-	*	*	(ARG1*)	
-	*	*	*	
-	*	*	*	
-	*	*	*	
-	*	*	*	
-	*	*	*	
-	*	*	*	
-	*	*	*	
-	*	*	*	
-	*	*	*	

-	*	*	*	
-	*	*	*	
-	*	*	*	
V	(V*)	*	*	
-	(ARG1*	*	*	
-	*	*	*	
-	*	*	*	
-	*	*	*	
-	*	*	*	
-	*	*	*	
-	*	*	*	
-	*	*	*	
-	*	*	*	
-	*	*	*	
V	*	(V*)	(ARGM-NEG*)	
V	*	*	(V*)	
-	*	*	(ARG1*)	
-	*)	*	(ARGM-TMP*)	
-	*	*	*	

-	*	*	*	*	*	*	*	*	*	*	
V	(ARG1*)	*	*	*	*	*	*	*	*	*	
-	*	*	*	*	*	*	*	*	*	(ARG2*	
-	*	*	*	*	*	*	*	*	*	*	
-	*	*	*	*	*	*	*	*	*	*	
-	*	*	*	*	*	*	*	*	*	*	
-	*	*	*	*	*	*	*	*	*	*	
-	*	*	*	*	*	*	*	*	*	*	
-	*	*	*	*	*	*	*	*	*	*	
-	*	*	*	*	*	*	*	*	*	*	
-	*	*	*	*	*	*	*	*	*	*	
-	*	*	*	*	*	*	*	*	*	*)	
-	*	*	(ARGM-MOD*)	*	*	*	*	*	*	*	
-	*	*	(ARGM-MOD*)	*	*	*	*	*	*	*	
V	*	(V*)	(ARGM-ADV*)	*	*	*	*	*	*	*	
V	*	*	(V*)	*	*	*	*	*	*	*	
-	*	*	(ARG1*	*	*	*	*	*	*	*	
-	*	*	*	*	*	*	*	*	*	*	
V	*	*	*	(V*)	*	*	*	*	*	*	
-	*	*	*	*	*	*	*	*	*	*	
-	*	*	*	*	*	*	*	*	*	*	
-	*	*	*	*	*	*	*	*	*	*	
-	*	*	*	*	*	*	*	*	*	*	
-	*	*	*	*	*	*	*	*	*	*	
-	*	*	*	*	*	*	*	*	*	*	
-	*	*	*	*	*	*	*	*	*	*	
V	*	*	*	*	(V*)	*	*	*	*	*	
-	*	*	*	*	*	*	*	*	*	*	
-	*	*	*	*	*	*	*	*	*	*	
-	*	*	*	*	*	*	*	*	*	*	
-	*	*	*	*	*	*	*	*	*	*	
-	*	*	*	*	*	*	*	*	*	*	
-	*	*	*	*	(ARG2*)	*	*	*	*	*	
-	*	*	*	*	*	*	*	*	*	*	
V	*	*	*	*	*	(V*)	*	*	*	*	
-	*	*	*	*	*	(ARG1*	(ARG0*)	*	*	*	
-	*	*	*	*	*	*	(R-ARG0*)	*	*	*	
V	*	*	*)	*	*	*)	(V*)	*	*	*	
-	*	*	*	*	*	*	*	*	*	*	
-	*	*	*	*	*	*	*	*	*	*	
-	*	*	*	*	*	*	*	*	*	*	
-	*	*	*	*	*	*	*	*	*	*	
-	*	*	*	*	*	*	*	*	*	*	
-	*	*	*	*	*	*	*	*	*	*	
-	(ARG1*	*	*	*	*	*	*	(R-ARG1*)	*	(ARGM-ADJ*	
-	*	*	*	*	*	*	*	*	*	*	
-	*	*	*	*	*	*	*	(R-ARG1*)	*	*	
V	*	*	*	*	*	*	*	(V*)	*	*	
-	*	*	*	*	*	*	*	*	*	*	
-	*	*	*	*	*	*	*	*	*	*	
V	*	*	*	*	*	*	*	(ARG2*)	(V*)	*	
-	*	*	*	*	*	*	*	*	*	*	
-	*	*	*	*	*	*	*	*	*	*	
-	*	*	*	*	*	*	*	*	*	*	
-	*	*	*	*	*	*	*	*	*	*)	
V	*)	*	*	*	*	*	*	*	*	(V*)	
-	*	*	*	*	*	*	*	*	*	*	

-	*	*	
-	(ARGM-TMP*)	*	
-	(ARG0*	*	
-	*)	*	
-	(ARGM-MOD*)	*	
V	(V*)	*	
-	(ARG1*	*	
V	*)	(V*)	
-	(ARGM-TMP*	*	
-	*)	*	
-	*	*	

-	(ARG0*)	*	*	*	*	*	
V	(V*)	*	*	*	*	*	
-	(ARG1*	*	*	*	*	*	
-	*	*	*	*	*	*	
-	*	*	*	*	*	*	
-	*	*	*	*	*	*	
-	*	*	*	*	*	*	
-	*	(ARG0*)	*	*	*	*	
V	*	(V*)	*	*	*	*	
-	*	(ARG1*	*	*	*	*	
V	*	*)	(V*)	*	*	*	
-	*	(ARG1*	*	*	(R-ARG0*)	*	
-	*	*	*	*	(ARGM-MOD*)	*	
V	*	*	*	(V*)	(ARGM-NEG*)	*	
V	*	*	*	*	(V*)	*	
-	*	*	*	*	(ARG1*	*	
-	*	*	*	*	*	*	
-	*	*	*	*	*	(ARGM-ADJ*)	
V	*)	*)	*	*	*)	(V*)	
-	*	*	*	*	*	*	

-	(ARG1*)	
-	*	
-	(ARG1*)	
V	(V*)	
-	(ARG2*	
-	*)	
-	*	
-	*	
-	*	
-	*	
-	*	

-	(ARG0*)	*	*	*	*	*	*	*	*	*	*	
V	(V*)	*	*	*	*	*	*	*	*	*	*	
-	*	*	*	*	*	*	*	*	*	*	*	
-	*	(ARG1*)	*	*	*	*	*	*	*	*	*	
-	*	*	*	*	*	*	*	*	*	*	*	
V	(ARG1*	(V*)	*	*	*	*	*	*	*	*	*	
-	*	(ARG1*	*	*	*	*	*	*	*	*	*	
-	*	*	*	*	*	*	*	*	*	*	*	
-	*	*	*	(ARG0*)	*	*	*	*	*	*	*	
V	*	*	(V*)	*	*	*	*	*	*	*	*	
V	*	*	*	(V*)	*	*	*	*	*	*	*	
-	*	*	*	(ARG1*)	*	*	*	*	*	*	*	
V	*	*	*	*	(V*)	*	*	*	*	*	*	
V	*	*	*	*	*	(V*)	*	*	*	*	*	
-	*	*	*	*	*	(ARG1*	*	*	*	*	*	
-	*	*	*	*	*	*	*	(ARG0*)	*	*	*	
-	*	*	*	*	*	*	*	*	*	*	*	
V	*	*	*	*	*	*	(V*)	*	*	*	*	
V	*	*	*	*	*	*	*	(V*)	*	*	*	
-	*	*	*	*	*	*	*	(ARG1*	*	*	*	
V	*	*	*	*	*	*	*	*)	(V*)	*	*	
-	*	*	*	*	*	*	*	(ARG1*	*	*	*	
V	*	*	*	*	*	*	*	*	*	(V*)	*	
-	*	*	*	*	*	*	*	*	*	(ARG1*	*	
-	*	*	*	*	*	*	*	*	*	*	*	
-	*	*	*	*	*	*	*	*	*	*	*	
-	*	*	*	*	*	*	*	*	*	*	*	
-	*	*	*	*	*	*	*	*)	*	*)	*	
-	*	*	*	*	*	*	*	*	*	*	(ARGM-NEG*)	
V	*	*	*	*	*	*	*	*	*	*	(V*)	
-	*	*	*	*	*	*	*	*	*	*	*	
-	*)	*)	*	*	*	*)	*	*	*	*	*	

-	*	(ARG1*	
V	(V*)	*)	
V	*	(V*)	
-	*	(ARG2*	
-	*	*	
-	*	*	
-	*	*	
-	*	*	
-	*	*	
-	*	*	
-	*	*	
-	*	*)	
-	(ARGM-ADJ*	(ARG2*	
-	*	*	
-	*)	*	
-	*	*)	
-	*	*	

-	*	*	*	*	*	*	*	
-	*	*	*	*	*	*	*	
-	*	(ARG0*)	*	*	*	*	*	
-	*	(ARGM-MOD*)	*	*	*	*	*	
V	(V*)	(ARGM-NEG*)	*	*	*	*	*	
V	*	(V*)	*	*	*	*	*	
-	*	(ARG1*	*	*	*	*	*	
V	*	*	(V*)	*	*	*	*	
-	*	*	(ARG1*)	*	*	*	*	
-	*	*	(ARG1*	*	*	*	*	
-	*	*	*	*	(ARG0*)	*	*	
V	*	*	*	(V*)	*	*	*	
V	*	*	*	*	(V*)	*	*	
-	*	*	*	*	(ARG1*)	*	*	
V	*	*	*	*	(ARG1*)	(V*)	*	
V	*	*)	*)	*	*	*	(V*)	
-	*	*	*	*	*	*	*	

-	*	(ARG1*	*	*	*	*	
V	(V*)	*)	*	*	*	*	
V	*	(V*)	*	*	*	*	
-	*	*	*	*	*	*	
-	*	*	*	*	*	*	
-	*	*	*	*	*	*	
-	*	*	*	(ARG0*)	*	*	
V	*	*	(V*)	(ARGM-ADV*)	*	*	
V	*	*	*	(V*)	*	*	
-	*	*	*	(ARG1*)	*	*	
V	*	*	*	*	(V*)	*	
V	*	*	*	*	*	(V*)	
-	*	*	*	*	*	*	
-	*	*	*	*	*	*	

-	*	(ARG1*	
V	(V*)	*)	
V	*	(V*)	
-	*	*	
-	*	*	
-	*	(ARGM-TMP*)	
-	*	*	
-	*	*	

-	(ARG0*)	*	*	*	
-	(ARGM-MOD*)	*	*	*	
V	(V*)	*	*	*	
-	(ARG1*	*	*	*	
-	*	*	(ARG1*)	*	
-	*	*	*	*	
-	*	*	(ARG0*	*	
V	*	(V*)	*)	*	
V	*	*	(V*)	*	
-	*	*	(ARG1*	*	
-	*	*	*	*	
V	*)	*	*)	(V*)	
-	*	*	*	*	
-	*	*	(ARG2*)	*	
-	*	*	*	*	

-	*	(ARG0*)	*	
V	(V*)	*	*	
V	*	(V*)	*	
-	*	(ARG1*	*	
-	*	*	*	
-	*	*	*	
-	*	*)	*	
-	(ARG1*	*	*	
-	*)	*	*	
-	*	*	*	
V	*	*	(V*)	
-	*	*	(ARG1*	
-	*	*	*	
-	*	*	*	
-	*	*	*	
-	*	*	*	
-	*	*	*	
-	*	*	*	
-	*	*	*)	
-	*	*	(ARG2*	
-	*	*	*	
-	*	*	*)	
-	*	*	*	
-	*	*	*	
-	*	*	*	
-	*	*	*	

-	(ARG0*)	*	*	*	*	*	*	*	
V	(V*)	*	*	*	*	*	*	*	
-	(ARG1*	*	*	*	*	*	*	*	
-	*	*	*	*	*	*	*	*	
-	*	*	*	*	*	*	*	*	
-	*)	*	*	*	*	*	*	*	
-	*	*	*	*	*	*	*	*	
-	(ARG1*	*	*	*	*	*	*	*	
-	*	(ARG0*)	*	*	*	*	*	*	
V	*	(V*)	*	*	*	*	*	*	
-	*	(ARG1*	*	*	*	*	*	*	
-	*	*	*	*	*	*	*	*	
-	*	*	*	*	*	*	*	*	
-	*	*	*	*	*	*	*	*	
-	*	*	*	*	*	*	*	*	
-	*	*	*	*	*	*	*	*	
-	*	*	*	*	*	*	*	*	
V	*	*	(V*)	*	*	*	*	*	
-	*	*	(ARG2*)	*	*	*	*	*	
-	*	*	(ARG1*	*	*	*	*	*	
-	*	*	*	*	*	*	*	*	
-	*	*	*	*	*	*	*	*	
-	*	*	*	*	*	*	*	*	
-	*	*	*	*	*	*	*	*	
-	*	*	*	*	*	*	*	*	
-	*	*	*	*	*	*	*	*	
-	*	*	*	(ARG0*)	*	*	*	*	
V	*	*	*	(V*)	*	*	*	*	
-	*	*	*	*	*	*	*	*	
-	*	*	*	(ARG1*)	*	*	*	*	
-	*	*	*	*	*	*	*	*	
-	*	*	*	*	*	*	*	*	
V	*	*	*	*	(V*)	*	*	*	
-	*	*	*	*	*	(ARG0*)	*	*	
V	*	*	*	*	*	(V*)	*	*	
-	*	*	*	*	*	*	*	*	
-	*	*	*	*	*	(ARG1*)	*	*	
-	*	*	*	*	*	*	*	*	
-	*)	*)	*)	*	*	*	*	*	
-	(ARG1*	*	*	*	*	*	*	*	
-	*)	*	*	*	*	*	*	*	
-	*	*	*	*	*	*	*	*	
-	*	*	*	*	*	*	*	*	
V	*	*	*	*	*	(ARG1*	(V*)	*	
-	*	*	*	*	*	*	*	*	
-	*	*	*	*	*	*	*	*	
-	*	*	*	*	*	*	*	*	
-	*	*	*	*	*	*	*	*	
-	*	*	*	*	*	*	*	*	
-	*	*	*	*	*	*	*	*	
V	*	*	*	*	*	*)	*	(V*)	
-	*	*	*	*	*	*	*	*	

-	*	*	*	*	*	*	*	
-	(ARG0*)	*	*	*	*	*	*	
V	(V*)	*	*	*	*	*	*	
-	(ARG1*	*	*	*	*	*	*	
-	*)	*	*	*	*	*	*	
-	*	*	*	*	*	*	*	
-	*	*	*	*	*	*	*	
V	*	(V*)	*	*	*	*	*	
-	*	(ARG1*	*	*	*	*	*	
-	*	*	*	*	*	*	*	
-	*	*)	*	*	*	*	*	
-	*	*	*	*	*	*	*	
-	*	(ARG1*	(R-ARG1*)	*	*	*	*	
V	*	*	(V*)	*	*	*	*	
-	*	*	*	*	*	*	*	
-	*	*	*	*	*	*	*	
-	*	*	*	*	*	*	*	
-	*	*	*	*	*	*	*	
V	*	*	*	(V*)	*	*	*	
-	*	*	*	*	*	*	*	
V	*	*	*	*	(V*)	*	*	
-	*	*)	*	*	*	*	*	
-	*	*	*	*	*	*	*	
-	*	*	*	*	*	*	*	
-	*	*	*	*	*	*	*	
-	*	*	*	*	(ARG2*)	*	*	
-	*	*	*	*	*	*	*	
-	*	*	*	*	*	*	*	
-	*	*	*	*	*	*	*	
-	*	*	*	*	*	*	*	
-	*	*	*	*	*	*	*	
-	*	*	*	*	*	*	*	
-	*	*	*	*	*	*	*	
-	*	*	*	*	*	*	*	
V	*	*	*	*	*	(V*)	*	
-	*	*	*	*	*	*	*	
-	*	*	*	*	*	*	(ARG1*)	
-	*	*	*	*	*	*	*	
-	*	*	*	*	*	*	*	
-	*	*	*	*	*	*	*	
-	*	*	*	*	*	*	(ARG0*)	
-	*	*	*	*	*	*	(ARGM-MOD*)	
V	*	*	*	*	*	*	(V*)	
-	*	*	*	*	*	*	(ARG1*	
-	*	*	*	*	*	*	*	
-	*	*	*	*	*	*	*	
-	*	*	*	*	*	*	*)	
-	*	*	*	*	*	*	*	

-	*	*	(ARG1*	
-	*	*	*	
-	*	*	*	
V	(V*)	*	*)	
-	*	*	(ARG0*	
-	*	*	*	
-	*	*	*)	
-	*	*	*	
-	*	*	(ARG0*)	
V	*	(V*)	(ARGM-MOD*)	
V	*	*	(V*)	
-	*	*	*	
-	*	*	(ARG1*)	
-	*	*	*	

-	(ARG0*)	*	*	*	*	
V	(V*)	*	*	*	*	
-	(ARG1*	*	*	*	*	
-	*)	*	*	*	*	
-	*	*	*	*	*	
V	(ARG1*	(V*)	*	*	*	
-	*	(ARG1*	*	*	*	
-	*	*	*	*	*	
V	*	*	(V*)	*	*	
-	*	*	(ARG1*	*	*	
-	*	*	*	*	*	
-	*	*	*	*	*	
-	*	*	*	*	*	
-	*	*	*	(ARGM-ADJ*)	*	
V	*)	*)	*)	(V*)	*	
-	*	*	*	*	(ARG1*	
-	*	*	*	*	*)	
V	*	*	*	*	(V*)	
-	*	*	*	*	*	
-	*	*	(ARG1*)	*	*	
-	*	*	*	*	*	

-	
-	
-	
-	
-	

-	*	*	*	(ARG1*	
-	*	*	*	*)	
V	(V*)	*	*	*	
-	*	*	*	*	
-	*	*	*	*	
-	*	*	*	*	
-	*	*	*	*	
-	*	*	*	*	
-	*	*	*	*	
-	*	*	*	*	
-	*	*	*	(ARG1*	
-	*	*	*	*)	
-	*	*	*	*	
-	*	*	*	*	
-	*	*	*	*	
-	*	*	*	*	
-	*	*	*	*	
-	*	*	*	*	
V	*	(V*)	*	(ARGM-MOD*)	
-	*	*	*	*	
V	*	*	(V*)	*	
V	*	*	*	(V*)	
-	*	*	*	*	
-	*	*	*	*	

-	(ARG0*)	*	*	*	
-	(ARGM-MOD*)	*	*	*	
V	(V*)	*	*	*	
-	(ARG1*	*	*	*	
V	*	(V*)	*	*	
-	*	(ARG1*	*	*	
-	*	*	*	*	
-	*	*	*	*	
-	*	*	*	*	
-	*	*	*	*	
-	*	*	*	*	
-	*	*	*	*	
-	*	*	*	*	
V	*	*	(V*)	*	
-	*	*	(ARG1*	*	
V	*)	*)	*)	(V*)	
-	*	*	*	*	
-	*	*	*	*	
-	*	*	*	*	
-	*	*	*	(ARG1*)	
-	*	*	*	*	
-	*	*	*	*	
-	*	*	*	*	
-	*	*	*	*	

-	*	*	*	
-	*	*	*	
-	*	*	*	
-	*	*	*	
-	*	*	*	
-	*	*	*	
-	*	*	*	
-	*	(ARG0*)	*	
-	*	*	*	
V	(V*)	*	*	
V	*	(V*)	*	
-	*	(ARG1*	*	
-	*	*	*	
-	*	*	*	
-	*	*	*	
-	*	*	*	
-	*	*)	*	
V	*	*	(V*)	
-	*	*	(ARGM-LOC*	
-	*	*	*	
-	*	*	*	
-	*	*	*	
-	*	*	*	
-	*	*	*)	

-	*	*	*	*	*	
-	*	(ARG0*)	*	*	*	
V	(V*)	*	*	*	*	
-	*	(ARGM-NEG*)	*	*	*	
-	*	(ARGM-NEG*)	*	*	*	
V	*	(V*)	*	*	*	
-	*	(ARG1*	*	*	*	
V	*	*	(V*)	*	*	
-	*	*)	*	*	*	
V	*	*	*	(V*)	*	
-	*	*	*	*	*	
-	*	*	*	(ARG2*)	*	
-	*	*	*	*	*	
-	*	*	*	*	*	
-	*	*	*	*	*	
-	*	*	*	*	*	
-	*	*	*	*	*	
-	*	*	*	*	(ARG0*)	
-	*	*	*	*	(ARGM-MOD*)	
V	*	*	*	*	(V*)	
-	*	*	*	*	(ARG2*)	
-	*	*	*	*	*	
-	*	*	*	*	(ARG1*)	
-	*	*	*	*	*	
-	(ARGM-LOC*	*	*	*	*	
-	*	*	*	*	*	
-	*	*	*	*	*	
-	*)	*	*	*	*	
-	*	*	*	*	*	

-	*	(ARG0*)	
V	(V*)	(ARGM-MOD*)	
-	*	*	
V	*	(V*)	
-	*	(ARG1*	
-	*	*)	
-	*	(ARGM-TMP*	
-	*	*	
-	*	*)	
-	*	*	

-	
-	
-	
-	
-	
-	
-	
-	
-	

-	*	(ARG0*)	
V	(V*)	*	
V	*	(V*)	
-	(ARG0*)	*	
-	*	(ARG1*)	
-	*	(ARG2*	
-	*	*	
-	*	*	
-	*	*	
-	*	*	
-	*	*)	
-	*	*	

-	(ARG0*	*	*	*	
-	*)	*	*	*	
V	(V*)	*	*	*	
-	(ARG1*	*	*	*	
V	*	(V*)	*	*	
-	*	(ARG1*	*	*	
-	*)	*	*	*	
-	(ARG1*	*	*	*	
-	*	*	*	*	
-	*	*	*	*	
-	*	*	*	*	
-	*	*	*	*	
-	*)	*	*	*	
-	*	*	*	*	
-	*	*	*	*	
-	*	*)	*	*	
-	*	*	(ARG0*	*	
-	*	*	*	*	
-	*	*	*	*	
-	*	*	*)	*	
V	*	*	(V*)	*	
-	*	*	(ARG1*)	*	
-	*	*	*	*	
-	*	*	(ARG1*)	*	
-	*	*	*	*	
-	*	*	*	(ARG1*	
-	*	*	*	*	
-	*	*	*	*)	
-	*	*	*	(ARG0*)	
V	*	*	*	(V*)	
-	*	*	*	*	

-	(ARG1*)	*	*	*	
V	(V*)	*	*	*	
-	(ARG2*	*	*	*	
-	*	*	*	*	
V	*)	(V*)	*	*	
V	*	*	(V*)	*	
-	*	*	(ARG1*	*	
-	*	*	*	*	
V	*	*	*	(V*)	
-	*	*	*)	*	
-	*	*	*	*	

-	(ARG0*)	
V	(V*)	
-	(ARG1*	
-	*	
-	*)	
-	*	
-	*	
-	*	
-	*	
-	*	
-	*	
-	*	
-	*	
-	*	
-	*	
-	*	
-	*	
-	*	
-	*	
-	(ARG1*	
-	*)	
-	*	

-	(ARG0*)	*	*	*	*	*	*	*	*	
-	(ARGM-MOD*)	*	*	*	*	*	*	*	*	
-	(ARGM-NEG*)	*	*	*	*	*	*	*	*	
-	*	*	*	*	*	*	*	*	*	
V	(V*)	*	*	*	*	*	*	*	*	
-	(ARG1*	*	*	*	*	*	*	*	*	
-	*	(ARGM-ADJ*)	*	*	*	*	*	*	*	
V	*)	(V*)	*	*	*	*	*	*	*	
-	(ARG2*	*	*	*	*	*	*	*	*	
-	*	*	*	*	*	*	*	*	*	
-	*	*	*	*	*	*	*	*	*	
-	*	*	*	*	*	*	*	*	*	
-	*	*	*	*	*	*	*	*	*	
-	*	*	(ARG0*)	*	*	*	*	*	*	
V	*	*	(V*)	*	*	*	*	*	*	
-	*	*	(ARG1*)	*	*	*	*	*	*	
-	*	*	*	*	*	*	*	*	*	
-	*	*	*	*	*	*	*	*	*	
-	*	*	(ARG1*	(ARG0*)	*	*	*	*	*	
-	*	*	*	(ARGM-MOD*)	*	*	*	*	*	
-	*	*	*	(ARGM-NEG*)	*	*	*	*	*	
V	*	*	*	(V*)	*	*	*	*	*	
-	*	*	*	(ARG1*)	*	*	*	*	*	
-	*	*	*	(ARG1*	*	*	*	*	*	
V	*	*	*	*	(V*)	*	*	*	*	
-	*	*	*	*	(ARG1*	*	*	*	*	
-	*	*	*	*	*	*	*	*	*	
-	*	*	*	*	*)	*	*	*	*	
-	*	*	*	*	*	*	*	*	*	
-	*	*	*	*	*	*	*	*	*	
-	*	*	*	*	(ARG2*	*	*	*	*	
-	*	*	*	*	*	*	*	*	*	
-	*	*	*	*	*)	*	*	*	*	
-	*	*	*	*	*	*	*	*	*	
-	*	*	*	*	*	*	*	*	(ARG1*)	
-	*	*	*	*	*	*	*	*	(ARG1*	
-	*	*	*	*	*	*	*	*	*	
-	*	*	*	*	*	*	*	*	*	
V	*	*	*	*	*	(V*)	*	*	*)	
-	*	*	*	*	(ARG1*	*	*	*	*	
-	*	*	*	*	*	*	*	*	*	
V	*	*	*	*	*	*	(V*)	*	*	
-	*	*	*	*	*)	*	*	*	*	
-	*	*	*	*	(ARG1*	*	*	*	*	
-	*	*	*	*	*	*	*	*	*	
-	*	*	*	*	*	*	*	*	*	
-	*	*	*	*	*	*	*	*	*	
-	*	*	*	*	*	*	*	*	(ARG0*	
-	*	*	*	*	*	*	*	*	*)	
V	*	*	*	*	*	*	*	(V*)	(ARGM-MOD*)	
V	*	*	*	*	*	*	*	*	(V*)	
-	*	*	*	*	*	*	*	*	*	
-	*	*	*	*	*	*	*	*	(ARGM-LOC*	
-	*	*	*	*	*	*	*	*	*	
-	*	*	*	*	*	*	*	*	*	
-	*	*	*)	*)	*)	*	*	*	*)	
-	*)	*	*	*	*	*	*	*	*	

-	*	*	*	*	
-	*	*	*	*	
-	*	(ARG0*	*	*	
-	*	*)	*	*	
V	(V*)	(ARG0*)	*	*	
-	*	*	*	*	
V	*	(V*)	*	*	
-	*	*	*	*	
V	*	*	(V*)	*	
-	*	*	(ARG1*	*	
-	*	*	*)	*	
-	*	*	(ARGM-TMP*	*	
-	*	*	*	(ARG1*)	
V	*	*	*)	(V*)	
-	*	*	*	*	

-	*	(ARG0*)	*	*	*	*	*	
V	(V*)	(ARGM-MOD*)	*	*	*	*	*	
V	*	(V*)	*	*	*	*	*	
-	*	(ARG1*	*	*	*	*	*	
-	*	*	*	*	*	*	*	
V	*	*	(V*)	*	*	*	*	
-	*	*)	*	*	*	*	*	
-	*	*	*	*	*	*	*	
-	*	*	*	*	*	*	*	
-	*	*	*	*	*	*	*	
-	*	*	*	*	*	*	*	
-	*	*	*	*	*	*	*	
-	*	*	(ARG1*	*	*	*	*	
-	*	*	*	*	*	*	*	
-	*	*	*	*	*	*	*	
-	*	*	*)	*	*	*	*	
-	*	(ARG1*	*	*	(R-ARG0*)	*	*	
-	*	*	*	*	(ARGM-MOD*)	*	*	
V	*	*	*	(V*)	*	*	*	
V	*	*	*	*	(V*)	*	*	
-	*	*	*	*	*	*	*	
-	*	*	*	*	(ARG1*)	*	*	
-	*	*	*	*	(ARG1*	*	*	
V	*	*	*	*	*	(V*)	*	
-	*	*	*	*	*	(ARG1*	*	
-	*	*	*	*	*	*	*	
-	*	*	*	*	*	*	*	
-	*	*	*	*	*	*	*	
-	*	*	*	*	*	*)	*	
-	*	*	*	*	*	(ARG2*	*	
-	*	*	*	*	*	*)	*	
-	*	*	*	*	*	*	*	
-	*	*	*	*	*	*	*	
-	*	*	*	*	*	*	*	
-	*	*	*	*	*	*	*	
V	*	*)	*	*	*)	*	(V*)	
-	*	*	*	*	*	*	*	
-	*	*	*	*	*	*	*	
-	*	*	*	*	*	*	*	

-	(ARG0*)	*	*	*	*	
V	(V*)	*	*	*	*	
-	(ARG1*	(ARG0*)	*	*	*	
V	*	(V*)	*	*	*	
-	*	(ARG1*	*	*	*	
-	*	*	*	*	*	
-	*)	*)	*	*	*	
-	(ARG1*	*	*	*	*	
-	*	*	*	*	*	
V	*)	*	(V*)	*	*	
-	*	*	*	*	*	
-	*	*	*	*	*	
-	(ARGM-ADJ*	*	*	(ARG0*)	*	
V	*	*	*	(V*)	*	
V	*)	*	*	(ARG1*)	(V*)	
-	*	*	*	*	*	

-	(ARG0*)	
-	(ARGM-MOD*)	
V	(V*)	
-	(ARG1*	
-	*	
-	*)	
-	*	

-	*	(ARG1*	*	*	*	
V	(V*)	*)	*	*	*	
V	*	(V*)	*	*	*	
-	*	(ARG2*	(ARGM-EXT*)	*	*	
V	*	*	(V*)	*	*	
-	*	*	*	*	*	
-	*	*)	*	*	*	
V	*	*	*	(V*)	*	
V	*	*	*	*	(V*)	
-	*	*	*	*	*	

-	*	*	
-	*	*	
-	(ARG0*	*	
-	*	*	
-	*)	*	
-	*	*	
-	*	*	
-	*	*	
-	*	*	
V	(V*)	*	
-	(ARG1*	*	
V	*)	(V*)	
-	(ARGM-TMP*	*	
-	*	*	
-	*)	*	
-	*	*	

-	(ARG1*	*	*	*	
-	*	*	*	*	
-	*)	*	*	*	
V	(V*)	*	*	*	
V	(ARG2*)	(V*)	*	*	
-	(ARG2*	*	*	*	
-	*	*	*	*	
-	*)	*	*	*	
-	*	*	*	*	
-	*	*	*	*	
-	*	*	*	*	
-	*	*	*	*	
-	*	*	(ARGM-ADV*)	*	
-	*	*	(ARG0*	*	
-	*	*	*	*	
-	*	*	*	*	
-	*	*	*)	*	
V	*	*	(V*)	*	
-	*	*	(ARG1*	*	
-	*	*	*	*	
V	*	*	*)	(V*)	
-	*	*	*	*	

-	(ARG0*)	*	*	
V	(V*)	*	*	
-	(ARG1*)	*	*	
-	(ARG1*	(ARG0*)	*	
-	*	(ARGM-MOD*)	*	
-	*	(ARGM-NEG*)	*	
V	*	(V*)	*	
-	*	(ARG1*	*	
-	*	*	*	
-	*)	*)	*	
-	(ARG1*	*	*	
-	*	*	*	
-	*	*	*	
V	*	*	(V*)	
-	*	*	(ARG1*	
-	*	*	*	
-	*	*	*)	
-	*	*	(ARG2*	
-	*	*	*	
-	*)	*	*)	
-	*	*	*	

V	(V*)	*	*	*	*	
-	(ARG1*	*	*	*	*	
-	*	*	*	*	*	
-	*)	*	*	*	*	
-	*	*	*	*	*	
-	*	(ARG0*)	*	*	*	
V	*	(V*)	*	*	*	
-	*	(ARG1*	*	*	*	
V	*	*	(V*)	*	*	
-	*	*	(ARG1*)	*	*	
-	*	*	(ARG2*)	*	*	
-	*	*	*	*	*	
-	*	*	(ARGM-TMP*	*	*	
-	*	*	*)	*	*	
-	*	*	*	*	*	
-	*	*)	*	(ARG1*)	*	
-	*	*	*	*	*	
-	*	*	*	(ARG0*)	*	
-	*	*	*	(ARGM-MOD*)	*	
-	*	*	*	(ARGM-NEG*)	*	
V	*	*	*	(V*)	*	
-	*	*	*	(ARG1*	*	
-	*	*	*	*	*	
-	*	*	*	*	*	
V	*	*	*	*)	(V*)	
-	*	*	*	(ARG2*	*	
-	*	*	*	*	*	
-	*	*	*	*)	*	
-	*	*	*	*	*	

-	*	
-	*	
-	*	
-	(ARG0*)	
-	(ARGM-MOD*)	
-	(ARGM-NEG*)	
V	(V*)	
-	*	
-	(ARGM-MNR*	
-	*	
-	*)	
-	*	

-	*	*	*	
-	*	*	*	
-	*	*	(ARG2*)	
-	*	*	*	
-	*	*	*	
V	(V*)	*	*	
-	*	(ARG0*	*	
-	*	*	*	
-	*	*)	*	
-	*	(ARGM-MOD*)	*	
-	*	(ARGM-DIS*)	*	
V	*	(V*)	*	
-	*	(ARG1*	*	
-	*	*	*	
-	*	*	*	
-	*	*	*	
V	*	*)	(V*)	
-	*	*	*	

-	*	(ARG1*)	
-	*	(ARGM-MOD*)	
V	(V*)	*	
-	*	(ARGM-NEG*)	
V	*	(V*)	
-	*	*	

-	(ARG0*)	*	
V	(V*)	*	
-	*	*	
-	*	*	
V	(ARG1*	(V*)	
-	*)	(ARGM-TMP*)	
-	*	*	

-	(ARG1*	
-	*)	
V	(V*)	
-	*	
-	*	
-	(ARG2*)	
-	*	
-	*	
-	(ARG2*)	
-	*	

-	(ARG1*)	*	*	
V	(V*)	*	*	
-	(ARG1*	*	*	
-	*	(ARG0*)	*	
V	*	(V*)	*	
-	*	(ARG1*)	*	
-	*	(ARG1*	*	
V	*	*	(V*)	
-	*	*	(ARG1*	
-	*	*	*)	
-	*	*	(ARGM-TMP*	
-	*	*	*	
-	*	*	*	
-	*	*	*	
-	*)	*)	*)	

-	*	(ARG0*)	
V	(V*)	(ARGM-MOD*)	
-	*	(ARGM-NEG*)	
V	*	(V*)	
-	*	(ARG1*)	
-	*	*	

-	(ARG1*)	
V	(V*)	
-	(ARG2*	
-	*)	

-	

V	(V*)	*	
V	(ARG1*)	(V*)	
-	*	*	

V	(V*)	*	*	
-	(ARG1*	*	*	
V	*	(V*)	*	
-	*	(ARG1*	*	
-	*	*)	*	
-	*	(ARGM-TMP*	*	
-	*	*)	*	
-	*	(ARG1*	*	
-	*	*	(ARG0*)	
V	*	*	(V*)	
-	*	*	(ARG1*	
-	*	*	*	
-	*	*	*	
-	*	*	*	
-	*	*	*	
-	*)	*)	*)	

-	*	*	
V	(V*)	*	
-	*	*	
-	*	*	
V	*	(V*)	
-	*	*	

-	(ARG0*)	
V	(V*)	
-	*	
-	*	
-	*	

-	(ARG0*)	*	
-	(ARGM-MOD*)	*	
V	(V*)	*	
-	(ARG1*	*	
V	*	(V*)	
-	*)	(ARG2*)	
-	*	*	

-	*	(ARG1*)	
V	(V*)	*	
-	*	(ARG0*)	
V	*	(V*)	
-	*	(ARG2*)	
-	*	*	

-	
-	
-	

-	(ARG0*)	
-	(ARGM-MOD*)	
V	(V*)	
-	*	
-	*	
-	(ARGM-TMP*)	
-	*	

-	(ARG1*)	
V	(V*)	
-	(ARG2*)	
-	*	

-	(ARG0*)	*	
V	(V*)	*	
-	(ARG1*	*	
V	*	(V*)	
-	*)	(ARG1*)	
-	*	*	

-	(ARG1*)	
V	(V*)	
-	(ARG2*	
-	*	
-	*)	

-	(ARG1*	
-	*)	
V	(V*)	
-	(ARG2*	
-	*)	

-	*	*	*	
V	(V*)	*	*	
-	*	(ARG0*)	*	
V	*	(V*)	*	
-	*	(ARG1*	(ARG0*)	
-	*	*	*	
V	*	*	(V*)	
-	*	*)	(ARG1*)	
-	*	*	*	
-	*	*	(ARGM-TMP*)	
-	*	*	*	

-	(ARGM-MOD*)	*	
-	(ARGM-DIS*)	*	
V	(V*)	*	
-	(ARG1*	(ARG0*)	
V	*	(V*)	
-	*	(ARG1*	
-	*)	*)	
-	*	*	

-	
-	
-	

-	(ARG1*)	*	*	*	*	*	*	
V	(V*)	*	*	*	*	*	*	
V	(ARG2*	(V*)	*	*	*	*	*	
-	*)	*	*	*	*	*	*	
-	*	*	*	(ARG0*)	*	*	*	
V	*	*	(V*)	*	*	*	*	
-	*	*	*	(ARGM-NEG*)	*	*	*	
V	*	*	*	(V*)	*	*	*	
-	*	*	*	(ARG1*	*	*	*	
V	*	*	*	*	(V*)	*	*	
-	*	*	*	*	(ARG1*)	*	*	
-	*	*	*	*	*	*	*	
-	*	*	*	*	*	*	*	
-	*	*	*	*	*	(ARG0*)	*	
-	*	*	*	*	*	(ARGM-MOD*)	*	
V	*	*	*	*	*	(V*)	*	
-	*	*	*	*	*	(ARG1*	*	
V	*	*	*	*	*	*	(V*)	
-	*	*	*	*	*	*	(ARG1*	
-	*	*	*	*)	*	*)	*)	
-	*	*	*	*	*	*	*	

-	(ARG0*)	
-	(ARGM-MOD*)	
-	*	
V	(V*)	

-	*	(ARG0*)	*	
V	(V*)	(ARGM-MOD*)	*	
V	*	(V*)	*	
-	*	(ARG1*)	*	
-	*	(ARG1*	(ARG0*)	
V	*	*	(V*)	
-	*	*	(ARG1*	
-	*	*	*	
-	*	*)	*)	
-	*	*	*	
-	*	*	*	
-	*	*	(ARGM-TMP*)	
-	*	*	*	

-	*	
-	(ARG1*)	
V	(V*)	
-	*	
-	(ARG2*)	
-	*	
-	*	
-	*	
-	*	

-	*	(ARGM-DIS*)	
-	*	*	
-	*	(ARG0*)	
V	(V*)	(ARGM-MOD*)	
V	*	(V*)	
-	*	(ARG2*)	
-	*	*	
-	*	*	
-	*	(ARGM-MNR*)	
-	*	*	

-	(ARG1*)	*	
-	(ARGM-MOD*)	*	
V	(V*)	*	
-	*	*	
V	(ARG2*	(V*)	
-	*	*	
-	*)	*	

-	*	(ARG1*)	
V	(V*)	*	
-	*	(ARG0*)	
V	*	(V*)	
-	*	*	

-	(ARG0*)	
-	(ARGM-MOD*)	
V	(V*)	
-	(ARG1*)	
-	(ARGM-TMP*)	
-	*	

-	
-	
-	

-	
-	

-	
-	
-	

-	*	(ARG0*)	*	*	*	
-	*	(ARGM-MOD*)	*	*	*	
V	(V*)	(ARGM-NEG*)	*	*	*	
V	*	(V*)	*	*	*	
-	*	(ARG1*)	*	*	*	
V	*	(ARG1*	(V*)	*	*	
-	*	*	*	*	*	
-	*	*	(ARG1*	*	*	
-	*	*	*	*	*	
-	*	*	*	*	*	
-	*	*	*	*	*	
-	*	*	*	*	*	
V	*	*	*	(V*)	*	
-	*	*	*	(ARG1*	*	
V	*	*	*	*)	(V*)	
-	*	*)	*)	(ARGM-TMP*)	*	
-	*	*	*	*	*	

V	(V*)	
-	*	

-	*	*	*	
-	*	*	*	
-	(ARG0*)	*	*	
V	(V*)	*	*	
-	(ARG1*	*	*	
-	*)	*	*	
-	(ARGM-TMP*)	*	*	
-	(ARG1*	*	(ARG0*)	
V	*	(V*)	(ARGM-MOD*)	
V	*	*	(V*)	
-	*)	*	(ARG2*)	
-	*	*	*	

-	*	(ARG0*)	
-	*	(ARGM-MOD*)	
V	(V*)	(ARGM-NEG*)	
V	*	(V*)	
-	*	(ARG1*	
-	*	*)	
-	*	(ARGM-TMP*)	
-	*	*	

-	*	(ARG0*)	*	
V	(V*)	*	*	
-	*	*	*	
-	*	*	*	
V	*	(V*)	*	
-	*	(ARG1*)	*	
-	*	*	*	
-	*	(ARG1*	(ARG0*)	
-	*	*	(ARGM-MOD*)	
-	*	*	(ARGM-NEG*)	
V	*	*	(V*)	
-	*	*	(ARG1*	
-	*	*)	*)	
-	*	*	*	

-	(ARG0*)	
V	(V*)	
-	*	
-	(ARG1*)	
-	*	

-	(ARG0*)	*	*	
V	(V*)	*	*	
-	(ARG1*	(ARG0*)	*	
V	*	(V*)	*	
-	*	(ARG1*	*	
V	*)	*)	(V*)	
-	*	*	*	

-	
-	

-	(ARG0*)	
V	(V*)	
-	(ARG1*	
-	*)	
-	(ARGM-TMP*)	
-	*	

-	(ARG0*)	*	
V	(V*)	*	
-	(ARG1*	*	
V	*	(V*)	
-	*)	(ARG2*)	
-	*	*	
-	*	*	
-	*	*	
-	*	(ARG1*)	
-	(ARG1*	*	
-	*	*	
-	*	*	
-	*	*	
-	*)	*	
-	*	*	

-	(ARG1*)	
V	(V*)	
-	(ARG2*	
-	*)	
-	*	

-	(ARG0*)	*	
V	(V*)	*	
-	(ARG1*	*	
V	*	(V*)	
-	*	(ARG1*	
-	*)	*)	
-	*	*	

V	(V*)	(ARGM-MOD*)	
-	*	(ARG0*)	
V	*	(V*)	
-	*	*	
-	*	(ARG1*	
-	*	*	
-	*	*	
-	*	*)	
-	*	(ARGM-TMP*	
-	*	*)	
-	*	*	

-	*	*	
-	*	(ARG1*)	
V	(V*)	*	
-	*	(ARGM-NEG*)	
V	*	(V*)	
-	*	*	

-	(ARG0*)	
V	(V*)	
-	(ARG1*)	
-	(ARGM-TMP*	
-	*)	
-	*	

V	(V*)	*	
-	*	(ARG0*)	
V	*	(V*)	
-	*	*	

-	(ARG1*)	
V	(V*)	
-	(ARG2*	
-	*	
-	*	
-	*)	

-	(ARG1*)	
V	(V*)	
-	*	
-	(ARG2*)	
-	*	

-	(ARG0*)	*	
-	(ARGM-MOD*)	*	
V	(V*)	*	
-	(ARG1*	*	
-	*)	*	
-	(ARG1*	*	
-	*	(ARG0*)	
V	*	(V*)	
-	*)	(ARGM-TMP*)	
-	*	*	

-	(ARG1*)	*	*	
V	(V*)	*	*	
V	(ARG2*)	(V*)	*	
-	(ARG2*)	*	*	
V	*	*	(V*)	
-	*	*	*	

-	(ARG1*)	*	
-	*	*	
-	*	*	
V	(V*)	*	
-	*	*	
-	*	*	
-	*	*	
-	*	*	
-	*	*	
-	*	(ARG0*	
-	*	*)	
V	*	(V*)	
-	*	(ARG1*	
-	*	*	
-	*	*)	

-	(ARG1*)	*	
-	(ARGM-MOD*)	*	
V	(V*)	*	
V	(ARG2*)	(V*)	
-	(ARG2*)	*	
-	*	*	

-	*	*	
-	*	(ARG0*)	
V	(V*)	(ARGM-MOD*)	
-	*	(ARGM-NEG*)	
V	*	(V*)	
-	*	(ARG1*)	
-	*	*	

-	(ARG0*)	*	
-	(ARGM-MOD*)	*	
-	(ARGM-NEG*)	*	
V	(V*)	*	
V	*	(V*)	
-	*	(ARG1*	
-	*	*)	
-	*	*	

-	(ARG0*)	*	*	*	
V	(V*)	*	*	*	
-	(ARG1*	*	*	*	
-	*	*	(ARG1*)	*	
-	*	*	(ARGM-MOD*)	*	
V	*	(V*)	*	*	
V	*	*	(V*)	*	
-	*	*	*	*	
-	*	*	(ARG1*	*	
V	*	*	*	(V*)	
-	*	*	*	*	
-	*	*	*	*	
-	*	*	*	*	
-	*	*	*	*	
-	*	*	*	*	
-	*)	*	*)	*	
-	*	*	*	*	

-	(ARG0*)	*	*	
V	(V*)	*	*	
-	(ARG1*)	*	*	
-	(ARG1*	*	*	
-	*	*	(ARG0*)	
V	*	(V*)	(ARGM-MOD*)	
V	*	*	(V*)	
-	*	*	(ARG1*	
-	*	*	*	
-	*	*	*	
-	*)	*	*)	
-	*	*	*	

-	(ARG1*)	*	*	
V	(V*)	*	*	
-	(ARG2*	*	*	
V	*	(V*)	*	
-	*	*	*	
-	*	*	*	
-	*	*	*	
V	*	*	(V*)	
-	*	*	*	
-	*	*	*	
-	*)	*	*	

-	*	(ARG1*)	*	*	*	
V	(V*)	*	*	*	*	
V	*	(V*)	*	*	*	
-	*	(ARG1*	*	*	*	
V	*	*	(V*)	*	*	
-	*	*	(ARG1*	*	*	
-	*	*	*	(ARG0*)	*	
-	*	*	*	*	*	
V	*	*	*	(V*)	*	
V	*	*)	*)	(ARG1*)	(V*)	
-	*	*	*	*	*	

-	
-	

-	
-	

-	
-	

-	
-	
-	
-	
-	

-	(ARG0*)	*	*	*	*	
-	*	*	*	*	*	
V	(V*)	*	*	*	*	
-	(ARG1*	*	*	*	*	
V	*)	(V*)	*	*	*	
-	*	*	*	*	*	
-	*	*	(ARG0*)	*	*	
-	*	*	(ARGM-MOD*)	*	*	
V	*	*	(V*)	*	*	
-	*	*	*	*	*	
-	*	*	(ARG1*)	*	*	
V	*	*	(ARG1*	(V*)	*	
-	*	*	*	(ARG1*	*	
V	*	*	*)	*)	(V*)	
-	*	*	*	*	*	

-	*	(ARG0*)	*	
V	(V*)	*	*	
V	*	(V*)	*	
-	*	(ARG1*	*	
-	*	*	*	
V	*	*)	(V*)	
-	*	*	*	
-	*	*	(ARG1*)	
-	*	*	*	

-	(ARG1*)	*	*	*	*	*	*	
V	(V*)	*	*	*	*	*	*	
-	(ARG2*	*	*	*	*	*	*	
V	*	(V*)	*	*	*	*	*	
-	*	*	*	*	*	*	*	
-	*	*	*	*	*	*	*	
V	*)	*	(V*)	*	*	*	*	
-	*	*	*	*	*	(ARGM-LVB*	*	
-	*	*	*	*	(ARG0*)	*	*	
V	*	*	*	(V*)	*	*	*	
V	*	*	*	*	(V*)	*)	*	
V	*	*	*	*	(ARG1*	(V*)	*	
-	*	*	*	*	*)	*	*	
-	*	*	*	*	(ARG2*)	*	*	
-	*	*	*	*	*	(ARG1*	*	
V	*	*	*	*	*	*)	(V*)	
-	*	*	*	*	*	*	*	

-	*	(ARG0*)	*	
V	(V*)	*	*	
-	*	(ARGM-NEG*)	*	
V	*	(V*)	*	
-	*	(ARG1*	*	
-	*	*	(ARG1*)	
-	*	*	(ARG0*)	
-	*	*	(ARGM-MOD*)	
V	*	*	(V*)	
-	*	*)	(ARGM-TMP*)	
-	*	*	*	

-	(ARG0*	*	*	*	*	
-	*	*	*	*	*	
-	*	*	*	*	*	
-	*	*	*	*	*	
-	*	*	*	*	*	
-	*)	*	*	*	*	
-	(ARGM-MOD*)	*	*	*	*	
V	(V*)	*	*	*	*	
-	(ARG1*	*	*	*	*	
-	*	*	*	*	*	
-	*)	*	*	*	*	
-	*	*	*	*	*	
-	*	(ARG1*)	*	*	*	
V	*	(V*)	*	*	*	
V	*	(ARG2*)	(V*)	*	*	
-	(ARG1*	*	*	*	(ARG0*)	
V	*	*	*	(V*)	*	
-	*	*	*	*	*	
V	*	*	*	*	(V*)	
-	*	*	*	*	(ARG1*	
-	*	*	*	*	*)	
-	*	*	*	*	(ARG2*	
-	*)	*	*	*	*)	
-	*	*	*	*	*	

-	*	*	(ARG1*)	*	
V	(V*)	*	*	*	
V	*	(V*)	*	*	
-	*	*	*	(ARG1*	
-	*	*	(ARG1*	*	
-	*	*	*)	*	
V	*	*	(V*)	*)	
V	*	*	(ARG1*)	(V*)	
-	*	*	(ARG1*	*	
-	*	*	*	*	
-	*	*	*	*	
-	*	*	*)	*	
-	*	*	*	*	

-	*	*	*	*	*	*	*	*	
-	(ARG0*)	*	*	*	*	*	*	*	
V	(V*)	*	*	*	*	*	*	*	
-	(ARG1*)	*	*	*	*	*	*	*	
-	*	*	*	*	*	*	*	*	
-	*	*	(ARG0*)	*	*	*	*	*	
V	*	(V*)	(ARGM-MOD*)	*	*	*	*	*	
V	*	*	(V*)	*	*	*	*	*	
-	*	*	(ARG1*	*	*	*	*	*	
V	*	*	*	(V*)	*	*	*	*	
-	*	*	*	(ARG2*)	*	*	*	*	
-	*	*	*	(ARG1*	*	*	*	*	
-	*	*	*	*	*	*	*	*	
-	*	*	*	*	*	*	*	*	
-	*	*	*	*	*	*	*	*	
V	*	*	*)	*)	(V*)	*	*	*	
-	*	*	*	*	*	(ARGM-MOD*)	*	(ARGM-LVB*	
-	*	*	*	*	*	*	(ARG1*	*	
-	*	*	*	*	*	*	*	*	
-	*	*	*	*	*	*	*)	*	
V	*	*	*	*	*	(V*)	*	*	
V	*	*	*	*	*	*	(V*)	*)	
-	*	*	*	*	*	*	*	(ARGM-ADJ*)	
V	*	*	*	*	*	*	(ARG1*)	(V*)	
-	*	*	*	*	*	*	*	*	

-	*	(ARG0*)	*	*	*	*	*	
V	(V*)	*	*	*	*	*	*	
-	*	(ARGM-NEG*)	*	*	*	*	*	
V	*	(V*)	*	*	*	*	*	
-	*	(ARG1*	*	*	*	*	*	
-	*	*	*	*	*	*	*	
V	*	*	(V*)	*	*	*	*	
-	*	*	(ARG1*)	*	*	*	*	
-	*	*	(ARG1*	(ARG0*)	*	*	*	
-	*	*	*	(ARGM-MOD*)	*	*	*	
V	*	*)	*)	(V*)	*	*	*	
-	*	*	*	*	*	*	*	
-	*	*	*	*	(ARG1*)	*	*	
V	*	*	*	*	(V*)	*	*	
-	*	*	*	*	(ARG2*	*	*	
V	*	*	*	*	*	(V*)	*	
-	*	*	*	*	*	(ARG2*	*	
V	*	*	*	*	*)	*)	(V*)	
-	*	*	*	*	*	*	*	

-	
-	
-	

-	

-	(ARG0*	
-	*)	
V	(V*)	
-	(ARG1*	
-	*	
-	*	
-	*)	
-	*	

-	*	
-	(ARG1*)	
V	(V*)	
-	(ARG2*	
-	*	
-	*	
-	*	
-	*	
-	*)	

-	*	*	
-	*	*	
-	*	*	
-	*	*	
-	*	*	
-	*	*	
V	(V*)	*	
V	*	(V*)	
-	*	*	
-	*	*	
-	*	*	
-	*	*	
-	*	*	
-	*	*	
-	*	*	
-	*	*	
-	*	*	
-	*	*	
-	*	*	

-	
-	
-	
-	

V	(V*)	*	*	*	*	*	
-	*	*	*	*	*	*	
-	*	*	*	*	*	*	
-	*	(ARG0*)	*	*	*	*	
-	*	*	*	*	*	*	
-	*	*	*	*	*	*	
-	*	*	*	*	*	*	
-	*	*	*	*	*	*	
V	*	(V*)	*	*	*	*	
-	*	(ARG1*	*	*	*	*	
-	*	*	*	*	*	*	
-	*	*)	*	*	*	*	
-	*	*	*	*	*	*	
-	*	*	(ARG0*)	*	*	*	
-	*	*	(ARGM-MOD*)	*	*	*	
V	*	*	(V*)	*	*	*	
-	*	*	(ARG1*	*	*	*	
V	*	*	*)	(V*)	*	*	
-	(ARG1*	*	*	*	*	*	
-	*	*	*	*	(ARGM-ADJ*)	*	
V	*	*	*	*	(V*)	*	
-	*	*	*	*	*	*	
V	*	*	*	*	*	(V*)	
-	*	*	*	*	*	*	
-	*	*	*	*	*	(ARG2*)	
-	*	*	*	*	*	*	
-	*	*	*	*	*	*	
-	*	*	*	*	*	*	
-	*	*	*	*	*	*	
-	*	*	*	*	*	*	
-	*	*	*	*	*	*	
-	*	*	*	*	*	*	
-	*)	*	*	*	*	*	
-	*	*	*	*	*	*	

-	*	*	
-	*	*	
-	*	*	
-	*	*	
-	*	*	
-	*	*	
V	(V*)	*	
V	*	(V*)	
-	*	*	
-	*	*	
-	*	*	
-	*	*	
-	*	*	
-	*	*	
-	*	*	
-	*	*	
-	*	*	
-	*	*	
-	*	*	

-	(ARGM-DIS*)	
V	(V*)	
-	*	

-	
-	
-	

-	(ARG0*)	*	*	*	*	*	
V	(V*)	*	*	*	*	*	
-	(ARG1*	*	(ARG0*)	*	*	*	
-	*	*	(ARGM-MOD*)	*	*	*	
V	*	(V*)	*	*	*	*	
V	*	*	(V*)	*	*	*	
V	*	*	(ARG1*)	(V*)	*	*	
-	*	*	(ARGM-TMP*	*	*	*	
-	*	*	*	*	*	*	
-	*	*	*	*	*	*	
-	*)	*	*)	*	*	*	
-	*	*	*	*	*	*	
-	*	*	*	*	*	*	
-	*	*	*	*	*	(ARG0*)	
V	*	*	*	*	(V*)	(ARGM-MOD*)	
-	*	*	*	*	*	(ARGM-NEG*)	
V	*	*	*	*	*	(V*)	
-	*	*	*	*	*	*	

V	(V*)	*	*	
-	(ARG1*	*	(ARG0*)	
-	*	*	(ARGM-MOD*)	
V	*	(V*)	*	
V	*)	*	(V*)	
-	*	*	*	

V	(V*)	*	
-	(ARG1*)	*	
-	*	*	
-	(ARG0*)	*	
V	(ARG1*	(V*)	
-	*)	(ARG1*)	
-	*	*	

-	

-	(ARGM-DIS*)	
V	(V*)	
-	*	

-	
-	

-	*	*	
V	(V*)	*	
-	(ARG1*	*	
-	*	*	
-	*	*	
-	*	*	
-	*	*	
-	*	*	
-	*	*	
V	*	(V*)	
-	*	(ARG1*	
-	*)	*)	
-	*	*	

-	*	
-	*	
V	(V*)	
-	(ARGM-ADJ*)	
-	(ARGM-ADJ*)	
-	*	

-	
-	
-	
-	
-	
-	

-	
-	
-	
-	
-	

-	

-	
-	
-	
-	
-	

-	(ARGM-DIS*)	*	*	
V	(V*)	*	*	
-	(ARG1*)	*	*	
V	(ARG1*	(V*)	*	
-	*	(ARG1*	*	
-	*	*	(ARG0*)	
V	*	*	(V*)	
-	*	*	(ARG1*	
-	*	*	*	
-	*)	*)	*)	
-	*	*	*	

-	

-	*	*	
-	(ARGM-ADV*)	*	
-	*	*	
-	*	*	
-	(ARG0*)	*	
V	(V*)	*	
-	*	(ARG1*	
-	*	*	
-	*	*	
-	*	*)	
V	*	(V*)	
-	(ARG1*)	*	
-	*	*	

V	(ARG2*)	
-	(ARG1*	
-	*	
-	*)	
-	*	

-	(ARG0*)	*	
-	(ARGM-MOD*)	*	
V	(V*)	*	
-	(ARG1*	*	
V	*)	(V*)	
-	*	*	

-	(ARG0*)	*	
-	(ARGM-MOD*)	*	
V	(V*)	*	
-	(ARG1*	*	
V	*	(V*)	
-	*	*	
-	*	(ARG1*	
-	*	*)	
-	*)	(ARGM-TMP*)	
-	*	*	

-	
-	

-	(ARG0*)	*	
V	(V*)	*	
-	(ARG1*	*	
V	*)	(V*)	
-	*	*	

-	
-	
-	

V	(V*)	*	*	
-	*	*	*	
-	*	*	(ARG1*)	
-	(ARG1*	(ARGM-MOD*)	*	
V	*	(V*)	*	
V	*)	*	(V*)	
-	*	*	*	

-	
-	

-	

-	*	
-	*	
-	(ARG0*)	
V	(V*)	
-	(ARG1*)	
-	*	

V	(V*)	*	*	*	
-	*	(ARG0*)	*	*	
V	*	(V*)	*	*	
-	*	(ARG1*	*	*	
-	*	*	*	*	
-	*	*)	*	*	
-	(ARG1*	*	*	*	
-	*	*	*	*	
V	*	*	(V*)	*	
-	*	*	*	*	
-	*	*	*	*	
V	*	*	*	(V*)	
-	*)	*	*	(ARG1*)	
-	*	*	*	*	

-	(ARG0*)	*	*	*	*	*	*	*	*	*	*	*	*	
V	(V*)	*	*	*	*	*	*	*	*	*	*	*	*	
-	(ARG1*	(ARG1*)	*	*	*	*	*	*	*	*	*	*	*	
V	*	(V*)	*	*	*	*	*	*	*	*	*	*	*	
-	*	*	*	*	*	*	*	*	*	*	*	*	*	
-	*	*	*	*	*	*	*	*	*	*	*	*	*	
-	*	*	*	*	*	*	*	*	*	*	*	*	*	
-	*	*	*	*	*	*	*	*	*	*	*	*	*	
-	*	*	*	*	*	*	*	*	*	*	*	*	*	
V	*)	*	(V*)	*	*	*	*	*	*	*	*	*	*	
-	*	*	*	*	(ARG1*	*	*	*	*	*	*	*	*	
V	*	*	*	(V*)	*)	*	*	*	*	*	*	*	*	
V	*	*	*	*	(V*)	*	*	*	*	*	*	*	*	
-	*	*	*	*	(ARG1*	*	*	*	*	*	*	*	*	
-	*	*	*	*	*	*	*	*	*	*	*	*	*	
-	*	*	*	*	*	*	*	*	*	*	*	*	*	
-	*	*	*	*	*	*	*	*	*	*	*	*	*	
-	*	*	*	*	*	*	*	*	*	*	*	*	*	
-	*	*	*	*	*)	*	*	*	*	*	*	*	*	
-	*	*	*	*	*	*	*	*	*	*	*	*	*	
V	(ARG1*	*	*	*	*	(V*)	*	*	*	*	*	*	*	
-	*	*	*	*	*	*	*	*	*	*	*	*	*	
V	*	*	*	*	*	*	(V*)	*	*	*	*	*	*	
-	*	*	*	*	*	*	(ARG1*	*	*	*	*	*	*	
V	*	*	*	*	*	*	*	(V*)	*	*	*	*	*	
-	*	*	*	*	*	*	*	(ARG1*	*	*	*	*	*	
-	*	*	*	*	*	*	*	*	*	*	*	*	*	
V	*)	*	*	*	*	*	*)	*)	(V*)	*	*	*	*	
-	*	*	*	*	*	*	*	*	*	*	*	*	*	
V	*	*	*	*	*	*	*	*	(ARG1*)	(V*)	*	*	*	
-	*	*	*	*	*	*	*	*	*	*	*	*	*	
-	*	*	*	*	*	*	*	*	*	*	(ARG0*)	*	*	
V	*	*	*	*	*	*	*	*	*	*	(V*)	*	*	
-	*	*	*	*	*	*	*	*	*	*	(ARG1*)	*	*	
-	*	*	*	*	*	*	*	*	*	*	*	*	*	
-	*	*	*	*	*	*	*	*	*	*	(ARG1*	*	*	
-	*	*	*	*	*	*	*	*	*	*	*	*	*	
-	*	*	*	*	*	*	*	*	*	*	*	*	*	
-	*	*	*	*	*	*	*	*	*	*	*	*	*	
-	*	*	*	*	*	*	*	*	*	*	*	*	*	
-	*	*	*	*	*	*	*	*	*	*	*	*	*	
-	*	*	*	*	*	*	*	*	*	*	*	*	*	
V	*	*	*	*	*	*	*	*	*	*	*	(V*)	*	
-	*	*	*	*	*	*	*	*	*	*	*	*	*	
V	*	*	*	*	*	*	*	*	*	*	*	*	(V*)	
-	*	*	*	*	*	*	*	*	*	*	*	*	(ARGM-LOC*	
-	*	*	*	*	*	*	*	*	*	*	*	*	*	
-	*	*	*	*	*	*	*	*	*	*	*	*	*	
-	*	*	*	*	*	*	*	*	*	*	*	*	*	
-	(ARG1*	*	*	*	*	*	*	*	*	*	*	*	*	
-	*	*	*	*	*	*	*	*	*	*	*	*	*	
-	*	*	*	*	*	*	*	*	*	*	*	*	*	
-	*	*	*	*	*	*	*	*	*	*	*	*	*	
-	*)	*	*	*	*	*	*	*	*	*	*)	*	*)	

-	
-	

-	(ARGM-DIS*)	
-	*	
-	*	
-	*	
-	(ARG0*)	
V	(V*)	
-	(ARG1*)	
-	*	

-	*	(ARG0*)	*	*	*	
V	(V*)	*	*	*	*	
-	*	(ARGM-NEG*)	*	*	*	
V	*	(V*)	*	*	*	
-	*	(ARG1*)	*	*	*	
-	*	*	*	*	*	
-	*	*	*	*	*	
-	*	*	(ARG0*)	*	*	
V	*	*	(V*)	*	*	
-	*	*	(ARG1*	*	*	
-	*	*	*	(ARG0*)	*	
-	*	*	*	(ARGM-MOD*)	*	
V	*	*	*	(V*)	*	
-	*	*	*	(ARG1*	*	
V	*	*	*	*)	(V*)	
-	*	*	*)	*	*	
-	*	*	*	*	*	
-	*	*	*	(ARG1*)	*	
-	*	*	*	*	*	

-	(ARG1*)	*	*	*	*	
V	(V*)	*	*	*	*	
-	(ARGM-NEG*)	*	*	*	*	
V	(ARG2*	(V*)	*	*	*	
-	*	*	*	*	*	
-	*)	*	*	*	*	
-	*	*	(ARG0*)	*	*	
V	*	*	(V*)	*	*	
-	*	*	(ARG1*	*	*	
-	*	*	*	*	(ARG0*)	
V	*	*	*	(V*)	(ARGM-MOD*)	
V	*	*	*	*	(V*)	
-	*	*	*	*	(ARG1*	
-	*	*	*)	*	*)	
-	*	*	*	*	*	
-	*	*	*	*	*	
-	*	*	*	*	*	

-	(ARG0*)	*	*	*	
-	(ARGM-MOD*)	*	*	*	
V	(V*)	*	*	*	
-	(ARG1*	*	*	*	
-	*)	*	*	*	
-	*	*	*	*	
-	*	*	*	*	
-	*	*	*	*	
-	*	*	(ARG1*	*	
-	*	*	*	*	
V	*	(V*)	*)	*	
-	*	*	*	*	
V	*	*	(V*)	*	
-	*	*	(ARG1*	*	
-	*	*	*	(ARG0*)	
-	*	*	*	(ARGM-MOD*)	
V	*	*	*	(V*)	
-	*	*	*	(ARG1*)	
-	*	*	*)	*	
-	*	*	*	*	

-	
-	
-	
-	
-	

-	*	(ARG1*)	
V	(V*)	*	
V	(ARG2*	(V*)	
-	*)	*	

-	(ARG0*)	*	*	*	
V	(V*)	*	*	*	
-	(ARG1*	*	*	*	
-	*	*	*	*	
V	*	(V*)	*	*	
-	*	(ARG1*	*	*	
-	*)	*)	*	*	
-	*	*	*	*	
-	(ARG1*)	*	*	*	
-	*	*	*	*	
-	*	*	*	*	
-	(ARG1*)	*	*	*	
-	*	*	(ARG1*)	*	
V	*	*	(V*)	*	
-	*	*	(ARG2*	*	
-	(ARGM-ADJ*)	*	*	*	
-	*	*	*)	*	
-	*	(ARGM-PRP*	*	*	
V	*	*	*	(V*)	
-	*	*	*	(ARG1*	
-	*	*)	*	*)	
-	*	*	*	*	

-	*	(ARG1*	*	*	*	
-	*	*)	*	*	*	
V	(V*)	*	*	*	*	
-	*	*	*	*	*	
-	*	*	*	*	*	
-	*	*	*	*	*	
-	*	(ARG1*)	*	*	*	
V	*	(V*)	*	*	*	
-	*	*	*	(ARGM-TMP*)	*	
-	*	*	*	(ARG1*	*	
-	*	*	*	*	*	
-	*	*	*	*)	*	
V	*	*	(V*)	*	*	
V	*	*	*	(V*)	*	
-	*	*	*	(ARG1*	*	
V	*	*	*	*	(V*)	
-	*	*	*	*	*	
-	*	*	*	*	*	
-	*	*	*	*	*	
-	*	*	*	*	*	
-	*	*	*	*)	*	
-	*	*	*	*	*	

-	*	*	*	*	
-	*	*	*	*	
-	*	*	*	*	
-	(ARG1*	*	*	*	
-	*)	*	*	*	
V	(V*)	*	*	*	
V	(ARG1*	(V*)	*	*	
-	*	*	*	*	
V	*	*	(V*)	*	
V	*	*	*	(V*)	
-	*	*	*	(ARG1*	
-	*	*	*	*	
-	*)	*	*	*)	
-	*	*	*	*	

-	(ARGM-MOD*)	*	
-	*	*	
V	(V*)	*	
-	*	*	
-	*	*	
-	*	*	
-	(ARGM-ADJ*)	*	
-	(ARG1*)	*	
-	*	*	
-	*	(ARG0*)	
V	*	(V*)	
-	*	(ARG1*	
-	*	*	
-	*	*)	
-	*	*	

-	*	*	(ARG1*	*	*	*	*	*	*	
V	(V*)	*	*)	*	*	*	*	*	*	
V	*	(V*)	*	*	*	*	*	*	*	
V	*	*	(V*)	*	*	*	*	*	*	
-	*	*	(ARG2*	*	*	*	*	*	*	
-	*	*	*)	*	*	*	*	*	*	
-	*	*	*	*	*	*	*	*	*	
-	*	*	*	*	(ARG0*)	*	*	*	*	
V	*	*	*	(V*)	*	*	*	*	*	
V	*	*	*	*	(V*)	*	*	*	*	
-	*	*	*	*	(ARG1*	*	*	*	*	
V	*	*	*	*	*	(V*)	*	*	*	
-	*	*	*	*	*	(ARG1*	*	*	*	
V	*	*	*	*	*	*)	(V*)	*	*	
-	*	*	*	*	*	(ARG2*	*	*	*	
-	*	*	*	*	*	*	*	*	*	
-	*	*	*	*	*	*	*	*	*	
-	*	*	*	*	*	*	*	*	*	
-	*	*	*	*	*	*	*	(ARG0*)	*	
-	*	*	*	*	*	*	*	(ARGM-MOD*)	*	
V	*	*	*	*	*	*	*	(V*)	*	
-	*	*	*	*	*	*	*	*	*	
-	*	*	*	*	*	*	*	*	*	
-	*	*	*	*	*	*	*	*	*	
-	*	*	*	*	*)	*)	*	(ARG1*)	*	
-	*	*	*	*	*	*	*	*	*	
-	*	*	*	*	*	*	*	*	*	
-	*	*	*	*	*	*	*	*	*	
-	*	*	*	*	*	*	*	*	*	
-	*	*	*	*	*	*	*	*	(ARG1*)	
-	*	*	*	*	*	*	*	*	*	
-	*	*	*	*	*	*	*	*	(ARG1*)	
V	*	*	*	*	*	*	*	*	(V*)	
-	*	*	*	*	*	*	*	*	*	
-	*	*	*	*	*	*	*	*	*	
-	*	*	*	*	*	*	*	*	*	
-	*	*	*	*	*	*	*	*	*	
-	*	*	*	*	*	*	*	*	*	
-	*	*	*	*	*	*	*	*	*	
-	*	*	*	*	*	*	*	*	*	
-	*	*	*	*	*	*	*	*	*	

-	*	(ARGM-DIS*)	*	*	*	*	
-	*	*	*	*	*	*	
V	(V*)	(ARGM-DIS*)	*	*	*	*	
-	*	(ARGM-ADV*)	*	*	*	*	
V	*	(V*)	*	*	*	*	
-	*	(ARG1*)	*	*	*	*	
-	*	(ARG1*	*	*	*	*	
-	*	*	(ARG1*)	*	*	*	
V	*	*	(V*)	*	*	*	
-	*	*	*	*	*	*	
-	*	*	*	(ARGM-ADJ*)	*	*	
V	*	*)	*	(V*)	*	*	
-	*	*	*	*	*	(ARG1*	
-	*	*	*	*	*	*	
V	*	*	*	*	(V*)	*)	
-	*	*	*	*	*	(R-ARG0*)	
V	*	*	*	*	*	(V*)	
-	(ARG1*	*	*	*	*	*	
-	*	*	*	*	*	*	
-	*	*	*	*	*	*	
-	*	*	*	*	*	*	
-	*	*	*	*	*	*	
-	*)	*	*	*	*	*	
-	*	*	*	*	*	*	

-	

-	

-	

-	

-	

-	(ARG0*)	*	
V	(ARGM-LVB*)	*	
-	(ARGM-PRR*	*	
-	*)	*	
-	(ARG1*	*	
-	*	(ARG0*)	
V	*)	(V*)	
-	*	*	

-	*	
-	*	
-	*	
-	*	
-	*	
V	(V*)	
-	*	

-	(ARG1*)	*	*	*	*	*	
V	(V*)	*	*	*	*	*	
V	(ARG2*)	(V*)	*	*	*	*	
-	*	*	*	(ARG0*)	*	(ARG1*	
-	*	*	*	*	*	*	
V	*	*	(V*)	*	*	*	
V	*	*	*	(V*)	*	*	
-	*	*	*	(ARG1*)	*	*	
-	*	*	*	(ARG1*	*	*	
V	*	*	*	*)	(V*)	*)	
-	*	*	*	*	*	*	
-	*	*	*	*	(ARG1*	*	
V	*	*	*	*	*)	(V*)	
-	*	*	*	*	*	*	

-	*	*	
V	(V*)	*	
-	*	(ARG0*)	
V	*	(ARG1*)	
-	*	(ARG2*)	
-	*	*	

-	*	(ARG0*)	*	
V	(V*)	*	*	
-	*	(ARGM-NEG*)	*	
V	*	(V*)	*	
-	*	(ARG1*)	*	
-	*	(ARG1*	*	
V	*	*)	(V*)	
-	*	*	*	

-	*	(ARG1*)	*	
V	(V*)	(ARGM-MOD*)	*	
-	*	(ARGM-NEG*)	*	
V	*	(V*)	*	
-	*	(ARG1*	*	
V	*	*	(V*)	
-	*	*)	(ARGM-MNR*)	
-	*	*	*	

-	(ARG1*)	*	*	*	
V	(V*)	*	*	*	
-	(ARG2*	*	*	*	
V	*)	(V*)	*	*	
-	(ARG1*	*	*	*	
V	*)	*	(V*)	*	
-	*	*	*	*	
-	*	*	(ARG1*	*	
V	*	*	*)	(V*)	
-	*	*	*	*	

-	*	(ARG1*)	
V	(V*)	*	
V	*	(V*)	
-	*	(ARG2*)	
-	*	*	

-	
-	

-	*	(ARG0*)	*	*	*	*	*	*	*	
V	(V*)	*	*	*	*	*	*	*	*	
-	*	(ARGM-NEG*)	*	*	*	*	*	*	*	
V	*	(V*)	*	*	*	*	*	*	*	
-	*	(ARG1*	*	*	*	*	*	*	*	
V	*	*	(V*)	*	*	*	*	*	*	
-	*	*	(ARG1*	*	*	*	*	*	*	
-	*	*	*	*	*	*	*	*	*	
-	*	*	*	*	*	*	*	*	*	
V	*	*	*)	(V*)	*	*	*	*	*	
-	*	*	*	*	*	*	*	*	*	
-	*	*)	*	*	*	*	*	*	*	
-	*	*	*	*	*	*	*	*	*	
-	*	*	*	*	*	*	*	*	*	
-	*	*	*	*	(ARG1*	*	*	*	*	
-	*	*	*	*	*)	*	*	*	*	
V	*	*	*	*	(V*)	*	*	*	*	
V	*	*	*	*	*	(V*)	*	*	*	
V	*	*	*	*	*	(ARG2*	(V*)	*	*	
-	*	*	*	*	*	*	(ARG2*	*	*	
V	*	*	*	*	*	*	*	(V*)	*	
-	*	*	*	*	*	*	*	(ARG1*	*	
V	*	*	*	*	*	*	*	*)	(V*)	
-	*	*	*	*	*	*	*	(ARG2*	*	
-	*	*	*	*	*	*	*	*)	*	
-	*	*	*	*	*	*	*	(ARGM-LOC*	*	
-	*	*	*	*	*	*	*	*	*	
-	*	*	*	*	*	*)	*)	*)	*	
-	*	*	*	*	*	*	*	*	*	

-	*	*	*	
-	*	*	(ARGM-ADV*	
-	*	*	*	
-	*	*	*)	
-	*	*	*	
-	*	*	(ARG2*	
-	*	*	*	
-	*	*	*	
V	(V*)	*	*)	
V	*	(V*)	*	
V	*	*	(V*)	
-	*	*	(ARG1*	
-	*	*	*	
-	*	*	*)	
-	(ARG1*	*	*	
-	*	*	*	
-	*)	*	*	
-	*	*	*	

-	*	(ARG1*)	*	*	
V	(V*)	*	*	*	
-	*	*	*	*	
V	*	(V*)	*	*	
-	*	*	*	*	
-	*	(ARG1*)	*	*	
V	*	*	(V*)	*	
-	*	*	*	*	
-	*	*	*	*	
-	(ARG1*	*	*	*	
-	*	*	*	*	
-	*	*	*	*	
V	*	*	*	(V*)	
-	*)	*	*	*	
-	*	*	*	*	

-	(ARGM-DIS*)	*	
-	*	*	
-	*	*	
-	*	*	
-	*	*	
V	(V*)	*	
V	*	(V*)	
-	*	(ARG2*	
-	*	*	
-	*	*	
-	*	*	
-	*	*	
-	*	*	
-	*	*	
-	*	*	
-	*	*	
-	*	*	
-	*	*)	

-	*	
-	(ARG1*)	
-	*	
-	(ARGM-ADV*)	
-	*	
-	(ARG0*)	
V	(V*)	
-	(ARG1*	
-	*	
-	*	
-	*	
-	*	
-	*	
-	*	
-	*	
-	*	
-	*)	
-	*	

-	(ARGM-DIS*)	
-	*	
-	(ARG0*)	
-	(ARGM-MOD*)	
V	(V*)	
-	(ARG1*	
-	*	
-	*)	
-	*	

-	*	(ARG1*	*	*	
V	(V*)	*)	*	*	
-	*	*	*	*	
V	*	(V*)	*	*	
-	*	*	*	*	
-	*	*	(ARG0*)	*	
-	*	*	(ARG0*)	*	
-	*	*	(ARGM-MOD*)	*	
V	*	*	(V*)	*	
-	*	*	(ARG1*	*	
V	*	*	*	(V*)	
-	*	*	*	(ARG1*	
-	*	*	*	*	
-	*	*	*	*	
-	*	*	*	*	
-	*	*	*	*	
-	*	*	*)	*)	
-	(ARG1*	*	*	*	
-	*	*	*	*	
-	*	*	*	*	
-	*)	*	*	*	
-	*	*	*	*	

-	*	(ARG1*	*	*	*	*	
-	*	*	*	*	*	*	
-	*	*)	*	*	*	*	
V	(V*)	*	*	*	*	*	
-	*	(ARG0*)	*	*	*	*	
V	*	(V*)	*	*	*	*	
-	*	(ARG2*)	*	*	*	*	
-	*	(ARG1*	*	*	*	*	
V	*	*	(V*)	*	*	*	
-	*	*	(ARG1*	*	*	*	
V	*	*)	*)	(V*)	*	*	
-	*	*	*	*	*	*	
-	*	*	*	*	*	*	
-	*	*	*	*	*	*	
V	*	*	*	*	(V*)	(ARGM-NEG*)	
-	*	*	*	*	*	(ARGM-NEG*)	
V	*	*	*	*	*	(V*)	
-	*	*	*	*	*	(ARG1*	
-	*	*	*	*	*	*	
-	*	*	*	*	*	*)	
-	*	*	*	*	*	(ARG2*	
-	*	*	*	*	*	*	
-	*	*	*	*	*	*	
-	*	*	*	*	*	*)	
-	*	*	*	*	*	*	

-	*	*	(ARG1*	
-	*	*	*	
-	*	*	*	
V	(V*)	*	*	
-	*	*	*	
V	*	(V*)	*)	
-	*	*	(ARG0*)	
-	*	*	(ARGM-MOD*)	
V	*	*	(V*)	
-	*	*	*	

-	

-	
-	

-	(ARG0*)	*	*	
V	(V*)	*	*	
-	(ARG1*)	*	*	
-	*	*	(ARG1*	
-	*	*	*	
V	*	(V*)	*)	
V	*	*	(V*)	
-	*	*	*	
-	*	*	(ARG1*)	
-	(ARGM-TMP*	*	*	
-	*)	*	*	
-	*	*	*	

-	(ARG0*)	*	
V	(V*)	*	
-	(ARG1*	(ARG0*)	
V	*)	(V*)	
-	*	*	
-	(ARG2*)	*	
-	*	*	

-	*	(ARG0*)	*	*	*	*	
V	(V*)	*	*	*	*	*	
V	*	(V*)	*	*	*	*	
-	*	(ARG1*	*	*	*	*	
-	*	*	(ARG0*)	*	*	*	
-	*	*	*	*	*	*	
V	*	*	(V*)	*	*	*	
-	*	*	(ARG1*	*	*	*	
-	*	*	*	*	*	*	
V	*	*	*	(V*)	*	*	
-	*	*	*	(ARG1*	*	*	
-	*	*	*	*	*	*	
V	*	*)	*)	*)	(V*)	*	
-	(ARG1*	*	*	*	*	*	
-	*	*	*	*	*	*	
-	*)	*	*	*	*	*	
-	(ARGM-LOC*	*	*	*	*	*	
-	*	*	*	*	*	*	
-	*	*	*	*	*	*	
V	*)	*	*	*	*	(V*)	
-	*	*	*	*	*	*	

V	(V*)	
-	(ARG1*)	
-	*	

-	
-	
-	
-	
-	
-	
-	
-	
-	
-	
-	
-	
-	
-	
-	
-	
-	
-	
-	
-	
-	
-	
-	
-	
-	
-	
-	
-	
-	
-	
-	
-	
-	
-	
-	
-	
-	
-	

-	
-	

-	
-	
-	

-	*	(ARG0*)	
V	(V*)	*	
V	*	(V*)	
-	*	*	
-	*	*	
-	*	*	
-	*	*	
-	*	*	
-	*	*	
-	(ARG1*)	*	
-	*	*	
-	*	*	

-	*	*	*	
V	(V*)	*	*	
-	*	*	(ARG1*	
V	*	(V*)	*	
-	*	(ARG1*)	*)	
-	*	*	*	
-	*	(ARG1*	(ARGM-DIS*)	
V	*	*	(V*)	
-	*	*	(ARG1*	
-	*	*)	*)	
-	*	*	*	

-	(ARGM-DIS*)	*	*	
-	*	*	*	
-	(ARG0*)	*	*	
V	(V*)	*	*	
-	(ARG1*	*	*	
-	*)	*	*	
-	(ARG2*	*	*	
-	*	*	*	
-	*)	*	*	
-	*	*	*	
-	*	(ARG0*)	*	
V	*	(V*)	*	
-	*	(ARG1*	*	
-	*	*	(ARG0*)	
-	*	*	(ARGM-MOD*)	
V	*	*)	(V*)	
-	*	*	*	
-	*	*	(ARG1*)	
-	*	*	*	
-	*	*	*	

-	*	(ARG0*)	*	
V	(V*)	*	*	
V	*	(V*)	*	
-	*	(ARG1*	*	
V	*	*	(V*)	
-	*	*	(ARG1*	
-	*	*	*	
-	*	*	*	
-	*	*	*	
-	*	*	*	
-	*	*	*	
-	*	*	*	
-	*	*	*	
-	*	*)	*)	
-	*	*	*	
-	*	*	*	
-	(ARGM-TMP*)	*	*	
-	*	*	*	
-	*	*	*	

-	(ARG0*)	*	
-	(ARGM-MOD*)	*	
-	(ARGM-NEG*)	*	
V	(V*)	*	
-	(ARG2*	(ARG1*	
-	*	*	
-	*	*	
-	*	*)	
V	*)	(V*)	
-	*	*	

-	*	(ARG1*	*	
-	*	*)	*	
V	(V*)	*	*	
-	*	*	(ARG1*	
-	*	(ARG0*)	*	
-	*	*	*	
V	*	(V*)	*)	
-	*	*	*	
-	*	(ARG1*	*	
-	*	*	*	
-	*	*)	*	
-	*	*	*	
-	*	*	*	
-	*	*	(ARG1*)	
-	*	*	*	
V	*	*	(V*)	
-	*	*	*	
-	*	*	*	
-	*	*	*	
-	*	*	*	

-	*	(ARG0*)	*	*	*	
V	(V*)	*	*	*	*	
V	*	(V*)	*	*	*	
-	*	(ARG1*	*	*	*	
-	*	*)	*	*	*	
-	*	(ARG1*	*	*	*	
V	*	*	(V*)	*	*	
-	*	*	(ARG1*	*	*	
-	*	*	*	*	*	
-	*	*	*	*	*	
V	*	*	*	(V*)	*	
-	*	*	*	(ARG1*	*	
-	*	*	*	*	*	
V	*	*)	*)	*)	(V*)	
-	*	*	*	*	*	

-	(ARGM-DIS*)	
V	(V*)	
-	*	

-	
-	

-	
-	
-	

-	(ARGM-DIS*)	*	*	
-	*	*	*	
-	(ARG1*)	*	*	
V	(V*)	*	*	
-	(ARG2*	*	*	
-	*)	*	*	
-	(ARG2*	*	*	
-	*	*	*	
-	*	*	*	
V	*	(V*)	*	
-	*	(ARG1*	*	
-	*)	*)	*	
-	*	*	*	
V	*	(ARGM-TMP*)	(V*)	
-	*	*	*	
-	*	(ARGM-TMP*	*	
-	*	*)	*	

-	(ARGM-DIS*)	
V	(V*)	
-	(ARG1*)	
-	(ARGM-LOC*	
-	*	
-	*	
-	*)	
-	*	

V	(V*)	*	*	
-	(ARG1*)	*	*	
-	(ARG1*	*	*	
-	*	(ARG0*)	*	
V	*	(V*)	*	
-	*	(ARG1*	*	
V	*	*	(V*)	
-	*	*	(ARG1*	
-	*)	*)	*)	
-	*	*	*	

-	*	
-	*	
-	*	
-	*	
-	*	
-	*	
-	*	
-	*	
V	(V*)	
-	*	

-	*	
-	*	
-	*	
-	*	
-	*	
-	*	
-	*	
-	*	
-	*	
-	*	
-	*	
-	*	
-	*	
-	*	
-	*	
-	*	
V	(V*)	
-	*	
-	*	

-	
-	
-	
-	
-	
-	
-	
-	
-	
-	
-	

-	(ARG1*)	
V	(V*)	
-	(ARG2*	
-	*	
-	*)	

-	*	(ARG1*	
-	(ARG0*	*	
-	*)	*	
V	(V*)	*	
-	(ARGM-TMP*	*	
-	*)	*)	
-	*	*	
-	*	(ARG0*)	
-	*	(ARGM-MOD*)	
V	*	(V*)	
-	*	(ARGM-ADV*	
-	*	*	
-	(ARG1*	*	
-	*)	*	
-	*	*)	
-	*	*	

-	
-	
-	
-	

-	
-	
-	

-	(ARGM-MOD*)	*	*	
-	(ARG0*)	*	*	
V	(V*)	*	*	
-	(ARG1*)	*	*	
-	*	*	*	
-	*	*	*	
-	(ARG1*)	*	*	
-	*	*	*	
V	*	(V*)	*	
-	*	(ARG1*)	*	
V	*	(ARG1*	(V*)	
-	*	*	*	
-	*	*)	*	
-	*	*	*	
-	*	*	*	
-	*	*	*	

-	*	(ARG0*)	
V	(V*)	*	
V	*	(V*)	
-	*	(ARGM-TMP*	
-	*	*	
-	*	*	
-	*	*	
-	*	*	
-	*	*	
-	*	*	
-	*	*	
-	*	*)	
-	*	*	
-	*	*	
-	*	*	
-	*	*	
-	*	*	

-	*	*	*	(ARGM-DIS*)	*	*	
-	*	*	*	*	*	*	
-	*	*	*	*	*	(ARG2*	
V	(V*)	*	*	*	*	*)	
-	*	(ARG1*)	*	*	*	*	
V	*	(V*)	*	*	*	*	
-	*	(ARG1*	*	*	*	*	
-	*	*	*	*	*	*	
V	*	*)	(V*)	*	*	*	
-	*	*	*	*	*	*	
-	*	*	(ARG1*	*	*	*	
-	*	*	*)	*	*	*	
-	*	*	*	*	(ARG1*)	*	
V	*	*	*	(V*)	(ARGM-MOD*)	*	
V	*	*	*	*	(V*)	*	
-	*	*	*	*	*	*	
-	*	*	*	*	*	(ARG0*)	
-	*	*	*	*	*	*	
V	*	*	*	*	*	(V*)	
-	*	*	*	*	*	*	

-	(ARG0*)	*	
V	(V*)	*	
-	*	*	
-	(ARG1*)	*	
-	*	*	
-	*	*	
V	*	(V*)	
-	*	(ARG2*	
-	*	*	
-	*	*	
-	*	*)	
-	*	*	

V	(V*)	*	
-	*	(ARGM-NEG*)	
V	*	(V*)	
-	*	*	
-	*	(ARG2*)	
-	*	(ARG1*	
-	*	*)	
-	*	*	

-	
-	

-	*	*	*	
-	*	*	*	
V	(V*)	*	*	
-	*	(ARG0*)	*	
V	*	(V*)	*	
V	*	(ARG1*)	(V*)	
-	*	*	*	
-	*	*	*	

-	(ARG0*)	*	*	
V	(V*)	*	*	
-	*	*	*	
-	*	*	*	
-	(ARG1*	*	*	
-	*)	*	*	
-	(ARGM-PRP*	*	*	
-	*	*	*	
V	*	(V*)	*	
-	*	(ARG1*	*	
V	*)	*)	(V*)	
-	*	*	*	

-	*	*	*	*	*	
V	(ARGM-LVB*)	*	*	*	*	
-	(ARG1*)	*	*	*	*	
-	(ARG1*	*	*	*	*	
V	*	(V*)	*	*	*	
-	*	(ARG1*	*	*	*	
-	*)	*)	*	*	*	
V	*	*	(V*)	*	*	
-	*	*	*	(ARG0*)	*	
-	*	*	*	(ARGM-NEG*)	*	
V	*	*	*	(V*)	*	
-	(ARG1*	*	*	*	*	
-	*)	*	*	*	*	
V	*	*	*	*	(V*)	
-	*	*	*	*	*	

-	
-	

V	(V*)	*	*	
-	*	(ARG1*)	*	
V	*	(V*)	*	
-	*	*	*	
-	(ARG1*)	*	*	
-	*	*	*	
V	*	*	(V*)	
-	*	*	*	
-	*	*	*	
-	*	*	*	
-	*	*	*	
-	*	*	(ARG1*)	
-	*	*	*	

-	(ARG0*)	
-	(ARGM-MOD*)	
V	(V*)	
-	*	
-	*	
-	(ARG1*	
-	*	
-	*	
-	*	
-	*)	
-	*	

-	

-	*	(ARGM-DIS*)	
-	*	(ARGM-ADV*)	
-	*	(ARG2*	
-	*	*	
-	*	*	
V	(V*)	*)	
-	*	*	
V	*	(ARGM-LVB*)	
-	*	(ARG0*)	
-	*	(ARG1*)	
-	*	*	

-	(ARGM-DIS*)	*	*	*	
V	(V*)	*	*	*	
-	(ARG1*)	*	*	*	
-	(ARG1*	(ARG0*)	*	*	
-	*	(ARGM-MOD*)	*	*	
V	*	(V*)	*	*	
-	*	(ARG1*	*	*	
V	*	*	(V*)	*	
V	*	*	(ARG1*)	(V*)	
-	*	*	(ARG1*)	*	
-	*	*	(ARG2*	*	
-	*	*	*	*	
-	*)	*)	*)	*	
-	*	*	*	*	

V	(V*)	
-	*	

-	

-	
-	

-	(ARG0*)	*	*	*	*	
V	(V*)	*	*	*	*	
-	(ARG1*	*	*	*	*	
-	*	*	*	*	*	
-	*	*	*	*	*	
-	*	*	*	*	*	
-	*	*	*	*	*	
-	*	*	*	*	*	
-	*	*	*	*	*	
-	*	*	*	*	*	
-	*	*	*	*	*	
-	*	*	*	*	*	
-	*	*	*	*	*	
-	*)	*	*	*	*	
-	*	*	*	*	*	
-	*	*	*	*	*	
-	*	(R-ARG0*)	*	*	*	
V	*	(V*)	*	*	*	
-	*	*	*	*	*	
-	*	(ARG2*)	*	*	*	
-	*	*	*	*	*	
-	*	*	*	(ARG1*	*	
V	*	*	(V*)	*)	*	
V	*	*	*	(V*)	*	
-	(ARG1*	*	*	*	*	
-	*	*	*	*	*	
-	*	*	*	*	*	
-	*	*	*	*	*	
-	*	*	*	*	*	
-	*	*	*	*	*	
V	*)	*	*	*	(V*)	
-	*	*	*	*	*	

-	(ARGM-DIS*)	*	
V	(V*)	*	
-	(ARG1*	*	
-	*	(ARG0*)	
V	*)	(V*)	
-	*	*	
-	*	(ARG1*)	
-	(ARG2*	*	
-	*)	*	
-	*	*	

V	(V*)	
-	*	

-	

-	(ARG0*	(ARG2*	
-	*)	*	
-	(ARG0*)	*	
-	*	*	
V	(V*)	*	
-	*	*)	
-	*	(ARG2*	
-	*	*	
-	*	*	
-	*	*)	
V	*	(V*)	
-	*	(ARG1*)	
-	*	*	

-	(ARG1*)	
-	(ARGM-MOD*)	
V	(V*)	
-	(ARG2*)	
-	*	
-	(ARGM-TMP*)	
-	*	

-	*	
-	*	
-	*	
-	*	
V	(V*)	
-	*	
-	*	
-	*	
-	*	
-	*	
-	*	
-	*	
-	*	
-	*	
-	*	
-	*	
-	*	
-	*	
-	*	
-	*	
-	*	
-	*	
-	*	
-	*	
-	*	
-	*	
-	*	

V	(V*)	
-	*	

-	

-	
-	

-	*	*	*	*	
-	(ARG0*)	*	*	*	
V	(V*)	*	*	*	
-	(ARG1*	*	*	*	
-	*	*	*	*	
-	*	*	*	*	
V	*	(V*)	*	*	
-	*)	*	*	*	
-	(ARG1*	*	*	*	
-	*	*	*	*	
-	*	*	*	*	
-	*)	*	*	*	
-	*	*	*	*	
V	*	*	(V*)	*	
V	*	*	*	(V*)	
-	*	*	*	(ARG2*	
-	*	*	*	*	
-	*	*	*	*	
-	*	*	*	*	
-	*	*	*	*	
-	*	*	*	*	
-	*	*	*	*	
-	*	*	*	*	
-	*	*	*	*	
-	*	*	*	*	
-	*	*	*	*	
-	*	*	*	*)	
-	*	*	*	*	
-	*	*	*	*	
-	*	*	*	*	
-	*	*	*	*	
-	*	*	*	*	
-	*	*	*	*	
-	*	*	*	*	
-	*	*	*	*	
-	*	*	*	*	
-	*	*	*	*	

-	(ARG0*)	*	*	
-	(ARGM-MOD*)	*	*	
V	(V*)	*	*	
-	(ARG1*	*	*	
-	*)	*	*	
-	*	*	(ARGM-ADJ*	
-	*	*	*	
-	*	*	*	
-	*	*	*	
-	*	*	*)	
-	(ARG1*)	*	*	
-	*	*	*	
V	*	(V*)	*	
-	*	*	*	
-	*	*	*	
V	*	*	(V*)	
-	*	*	*	
-	*	*	*	
-	*	*	*	
-	*	*	*	
-	*	*	*	

-	*	(ARG0*	*	*	
V	(V*)	*)	*	*	
V	*	(V*)	*	*	
-	*	(ARG1*	*	*	
-	*	*	*	*	
-	*	*	*	*	
-	*	*)	*	*	
-	*	*	*	*	
-	*	*	*	*	
-	(ARG1*)	*	(ARGM-MOD*	*	
-	*	*	*)	*	
V	*	*	(V*)	*	
V	*	*	(ARG2*	(V*)	
-	*	*	*)	*	

-	

-	
-	

-	*	*	*	(ARGM-ADV*	
-	*	(ARG1*)	*	*	
V	(V*)	*	*	*	
V	*	(V*)	*	*	
V	*	(ARG1*)	(V*)	*)	
-	*	*	*	*	
-	*	*	*	(ARGM-MOD*)	
-	*	*	*	(ARG0*)	
-	*	*	*	(ARGM-DIS*)	
V	*	*	*	(V*)	
-	(ARGM-ADJ*	*	*	*	
-	*	*	*	*	
-	*	*	*	*	
-	*	*	*	*	
-	*	*	*	*	
-	*	*	*	*	
-	*	*	*	*	
-	*	*	*	*	
-	*	*	*	*	
-	*	*	*	*	
-	*)	*	*	*	

-	
-	
-	
-	

-	*	(ARG1*	
-	*	*	
-	*	*	
-	*	*	
-	*	*	
V	(V*)	*)	
-	*	*	
-	*	*	
-	*	*	
V	*	(V*)	
-	*	(ARG1*)	
-	*	*	

V	(V*)	
-	*	

-	

-	
-	
-	
-	
-	
-	

-	
-	
-	

-	(ARG0*)	*	*	*	*	*	*	
-	(ARGM-MOD*)	*	*	*	*	*	*	
V	(V*)	*	*	*	*	*	*	
-	(ARG1*	*	*	*	*	*	*	
V	*	(V*)	*	*	*	*	*	
-	*	(ARG1*	*	*	*	*	*	
-	*	*	*	*	*	*	*	
-	*	*	*	*	*	*	*	
-	*	*	(ARG0*)	*	*	*	*	
-	*	*	(ARGM-MOD*)	*	*	*	*	
V	*	*	(V*)	*	*	*	*	
-	*	*	(ARG1*	*	*	*	*	
V	*	*	*)	(V*)	*	*	*	
-	*	*	(ARG1*	*	*	*	*	
V	*	*	*	*	(V*)	*	*	
-	*	*	*	*	(ARG1*	*	*	
-	*	*	*	*	*	*	*	
-	*	*	*	*	*	*	*	
V	*	*	*	*	*	(V*)	*	
-	*	*	*	*	*	*	*	
-	*	*	*	*	*	*	*	
-	*)	*	*	*	*	*	*	
-	(ARG1*	*	*	*	*	*	*	
-	*	*	*	*	*	*	*	
-	*)	*	*	*	*	*	*	
-	(ARG1*	*	*	*	*	*	*	
-	*)	*	*	*	*)	*	*	
-	*	*)	*)	*	*	*	*	
V	*	*	*	*	*	*	(V*)	
-	*	*	*	*	*	*	*	
-	*	*	*	*	*	*	(ARGM-TMP*)	
-	*	*	*	*	*	*	*	
-	*	*	*	*	*	*	*	

-	(ARG0*)	*	*	*	
V	(V*)	*	*	*	
-	(ARG1*	(ARG0*)	*	*	
-	*	*	*	*	
-	*	*	*	*	
V	*	(V*)	*	*	
-	*	(ARG1*	*	*	
V	*	*)	(V*)	*	
-	*)	(ARGM-TMP*)	*	*	
-	*	*	*	*	
-	*	*	*	*	
-	*	*	*	(ARG0*)	
-	*	*	*	(ARGM-MOD*)	
V	*	*	*	(V*)	
-	*	*	*	(ARG1*	
-	*	*	*	*	
-	*	*	*	*)	
-	*	*	*	(ARG1*)	
-	*	*	*	*	
-	*	*	*	*	
-	*	*	*	(ARGM-LOC*)	
-	*	*	*	*	

V	(V*)	*	
-	*	*	
V	*	(V*)	
-	*	*	

-	
-	
-	
-	
-	
-	
-	
-	
-	
-	
-	
-	
-	
-	
-	
-	
-	
-	
-	
-	
-	
-	
-	
-	
-	
-	
-	
-	
-	
-	

-	
-	

-	
-	
-	

-	
-	

-	*	(ARG0*)	*	*	*	*	
V	(V*)	*	*	*	*	*	
V	*	(V*)	*	*	*	*	
-	*	(ARG1*	*	*	*	*	
-	*	*	(ARG1*)	*	*	*	
-	*	*	*	*	*	*	
V	*	*	(V*)	*	*	*	
-	*	*)	*	*	*	*	
-	*	*	*	*	*	*	
-	*	(ARG2*)	*	*	*	*	
-	*	(ARG1*	*	*	*	*	
V	*	*	*	(V*)	*	*	
-	*	*	*	(ARG2*)	*	*	
-	*	*	*	(ARG1*	*	*	
-	*	*	*	*)	*	*	
-	*	*	*	(ARGM-PRP*	(ARG1*	*	
-	*	*	*	*	*)	*	
-	*	*	*	*	*	*	
V	*	*	*	*	(V*)	*	
-	*	*	*	*	(ARG1*	*	
-	*	*	*	*	*	*	
-	*	*	*	*	*	*	
-	(ARG1*	*	*	*	*	*	
-	*	*	*	*	*	*	
-	*	*	*	*	*	*	
-	*	*	*	*	*	*	
-	*	*	*	*	*	(ARG1*)	
V	*)	*)	*	*)	*)	(V*)	
-	*	*	*	*	*	*	

-	*	(ARG0*)	*	*	*	*	
V	(V*)	*	*	*	*	*	
V	*	(V*)	*	*	*	*	
-	*	(ARG1*)	*	*	*	*	
-	*	(ARG1*	*	*	*	*	
-	*	*	(ARG0*)	*	*	*	
V	*	*	(V*)	*	*	*	
-	*	*	(ARG1*	*	*	*	
-	*	*	*	(ARG0*)	*	*	
-	*	*	*	(ARGM-MOD*)	*	*	
V	*	*	*	(V*)	*	*	
-	*	*	*	(ARG1*)	*	*	
-	*	*	*	(ARG1*	*	*	
V	*	*	*	*	(V*)	*	
-	*	*	*	*	(ARG1*	*	
V	*	*	*	*	*)	(V*)	
-	*	*	*	*	(ARGM-MNR*	*	
-	*	*	*	*	*	*	
-	*	*)	*)	*)	*)	*	
-	*	*	*	*	*	*	

-	(ARG0*)	*	*	*	*	*	*	
V	(V*)	*	*	*	*	*	*	
-	(ARG1*	*	(ARG1*	*	*	*	*	
-	*	*	*	*	*	*	*	
-	*	*	*	*	*	*	*	
-	*	*	*)	*	*	*	*	
V	*	(V*)	*	*	*	*	*	
V	*	*	(V*)	*	*	*	*	
-	*	*	(ARG1*)	*	*	*	*	
V	*)	*	(ARG1*)	(V*)	*	*	*	
-	*	*	*	*	*	*	*	
-	*	*	*	*	*	*	*	
-	*	*	*	*	(ARG1*)	*	*	
-	*	*	*	*	*	*	*	
-	*	*	*	*	(ARGM-MOD*)	*	*	
V	*	*	*	*	(V*)	*	*	
-	*	*	*	*	(ARG2*	*	*	
-	*	*	*	*	*	*	*	
-	*	*	*	*	*	*	*	
-	*	*	*	*	*)	*	*	
V	*	*	*	*	*	(V*)	*	
-	(ARG1*	*	*	*	*	*	*	
-	*	*	*	*	*	*	*	
V	*)	*	*	*	*	*	(V*)	
-	*	*	*	*	*	*	*	

-	(ARGM-DIS*)	*	*	*	
V	(V*)	*	*	*	
-	(ARG1*)	*	*	*	
V	(ARG1*	(V*)	*	*	
-	*	(ARG1*	*	*	
-	*	*	(ARG0*)	*	
-	*	*	(ARGM-MOD*)	*	
V	*	*	(V*)	*	
-	*	*	(ARG1*	*	
-	*	*	*	*	
-	*	*	*	*	
-	*)	*)	*)	*	
-	*	*	*	*	
-	*	*	*	*	
-	*	*	*	*	
-	(ARG2*	*	*	*	
-	*	*	*	*	
-	*)	*	*	*	
-	*	*	*	*	
-	*	*	*	*	
-	*	*	*	*	
-	*	*	*	(ARG1*)	
-	*	*	*	*	
-	*	*	*	(ARG1*)	
V	*	*	*	(V*)	
-	*	*	*	(ARG2*	
-	*	*	*	*	
-	*	*	*	*)	
-	*	*	*	*	

-	(ARG0*)	*	
V	(V*)	*	
-	(ARG1*	(ARG0*)	
-	*	(ARGM-MOD*)	
V	*	(V*)	
-	*	(ARG1*)	
-	*	*	
-	*	*	
-	*	(ARG2*	
-	*	*	
-	*)	*)	
-	*	*	

V	(V*)	
-	*	

-	

-	*	*	(ARG1*	
-	*	*	*	
-	*	*	*	
V	(V*)	*	*	
V	*	(V*)	*	
-	*	*	*	
-	*	*	*)	
V	*	*	(V*)	
-	*	*	*	
-	*	*	(ARG2*)	
-	*	*	*	

-	

-	

-	(ARG0*)	*	*	*	*	
-	*	*	*	*	*	
V	(V*)	*	*	*	*	
-	(ARG1*	*	*	*	*	
V	*	(V*)	*	*	*	
-	*	(ARG1*	*	*	*	
-	*	*	*	*	*	
-	*	*	*	*	*	
-	*	*	*	*	*	
-	*	*	*	*	*	
-	*	*	*	*	*	
-	*)	*	*	*	*	
-	(ARG0*)	*	*	*	*	
-	*	*	*	*	*	
-	*	*	*	*	*	
-	*	*	*	*	*	
-	*	*	*	*	*	
-	*	*	*	*	*	
-	*	*	*	*	*	
-	*	*	*	*	*	
-	*	*	*	*	*	
-	*	*	*	*	*	
-	*	*	*	*	*	
-	*	*	*	*	*	
-	*	*	*	*	*	
-	*	*)	*	*	*	
-	*	*	*	*	*	
-	*	*	(ARG0*)	*	*	
V	*	*	(V*)	*	*	
-	*	*	*	*	*	
-	*	*	(ARG1*)	*	*	
-	*	*	(ARG1*	(ARG0*)	*	
-	*	*	*	(ARGM-MOD*)	*	
V	*	*	*	(V*)	*	
-	*	*	*)	(ARG1*)	*	
-	*	*	*	*	*	
-	*	*	*	*	(ARG1*)	
-	*	*	*	(ARG2*)	*	
V	*	*	*	(ARGM-ADV*)	(V*)	
-	*	*	*	*	*	

V	(V*)	

-	
-	

-	(ARG0*)	*	
V	(V*)	*	
-	(ARG1*	*	
-	*	(ARG0*)	
-	*	*	
V	*	(V*)	
-	*)	(ARG1*)	
-	(ARG0*	(ARG1*	
-	*)	*	
-	*	*	
-	*	*	
-	(ARG1*)	*	
-	(ARG1*)	*)	
-	*	*	

-	

-	
-	
-	
-	

-	
-	
-	
-	
-	
-	
-	
-	
-	
-	

-	
-	
-	
-	
-	
-	
-	

-	
-	
-	
-	

-	
-	
-	
-	
-	
-	
-	
-	
-	
-	

-	
-	
-	
-	
-	
-	
-	

-	
-	
-	
-	

-	
-	
-	
-	
-	
-	
-	
-	
-	
-	

-	*	(ARG0*)	
V	(V*)	*	
V	*	(V*)	
-	*	(ARG1*)	
-	*	(ARG2*	
-	*	*)	
-	*	*	

-	
-	
-	
-	

-	(ARG0*)	*	*	
V	(V*)	*	*	
-	(ARG1*	*	*	
-	*	*	*	
-	*)	*	*	
-	*	*	*	
-	*	*	*	
-	*	(ARG0*)	*	
-	*	(ARGM-MOD*)	*	
V	*	(V*)	*	
-	*	(ARG1*	*	
V	*	*	(V*)	
-	*	*	(ARG1*)	
-	*	*)	*	
-	*	*	*	
-	*	*	*	
-	*	*	(ARGM-MNR*)	
-	*	*	*	

V	(V*)	*	*	
-	(ARG1*	*	(ARG0*)	
V	*	(V*)	*	
V	*	*	(V*)	
-	*)	*	(ARG1*)	
-	*	*	*	

-	

-	

V	(V*)	*	
-	*	*	
-	(ARG1*	*	
-	*	(ARG0*)	
V	*)	(V*)	
-	*	*	

-	

-	(ARGM-DIS*)	
-	*	
-	(ARG1*)	
V	(V*)	
-	(ARG1*)	
-	*	
-	(ARGM-TMP*)	
-	*	
-	(ARGM-TMP*)	

-	

-	

-	*	*	(ARG1*)	
V	(V*)	*	*	
V	*	(V*)	*	
V	*	*	(V*)	
-	*	*	*	

-	
-	

V	(V*)	
-	(ARG2*	
-	*	
-	*)	
-	*	

V	(V*)	*	
-	(ARG1*	*	
-	*	(ARG0*	
-	*	*)	
V	*	(V*)	
-	*	(ARG1*	
-	*	*	
-	*)	*)	
-	*	*	

-	(ARG0*)	*	*	*	*	*	
V	(V*)	*	*	*	*	*	
-	*	*	(ARG0*)	*	*	*	
V	*	(V*)	*	*	*	*	
-	(ARG1*)	*	*	*	*	*	
V	(ARG1*	*	(V*)	*	*	*	
-	*	*	*	*	*	*	
-	*	*	(ARG1*	*	*	*	
-	*	*	*	*	(ARG0*)	*	
V	*	*	*	(V*)	*	*	
V	*	*	*	*	(V*)	*	
-	*	*	*	*	(ARG1*)	*	
-	*	*	*	*	(ARG1*	*	
V	*	*	*	*	*	(V*)	
-	*	*	*	*	*	(ARG1*)	
-	*	*	*	*	*	(ARG1*	
-	*	*	*	*	*	*	
-	*	*	*	*	*	*	
-	*	*	*	*	*	*	
-	*	*	*	*	*	*	
-	*	*	*	*	*	*	
-	*)	*	*)	*	*)	*)	
-	*	*	*	*	*	*	

-	*	*	*	*	
-	(ARG0*)	*	*	*	
V	(V*)	*	*	*	
-	(ARG1*	*	*	*	
V	*	(V*)	*	*	
-	*	(ARG1*	*	*	
-	*	*	*	*	
-	*	*	*	*	
-	*	*	*	*	
-	*)	*)	*	*	
-	*	*	(ARG1*	*	
-	*	*	*	*	
-	*	*	*)	*	
-	*	*	*	*	
V	*	*	(V*)	*	
V	*	*	(ARG1*)	(V*)	
-	*	*	*	*	

-	*	*	*	
-	(ARG0*)	*	*	
V	(V*)	*	*	
-	(ARG1*	*	*	
-	*	*	*	
V	*)	(V*)	*	
-	*	*	(ARG0*	
-	*	*	*	
-	*	*	*	
-	*	*	*)	
-	*	*	*	
V	*	*	(V*)	
-	*	*	*	
-	*	*	(ARG1*	
-	*	*	*)	
-	*	*	*	

V	(V*)	
-	*	

-	
-	
-	
-	
-	
-	
-	
-	
-	
-	
-	
-	
-	
-	
-	
-	
-	
-	
-	
-	
-	
-	
-	
-	
-	
-	
-	
-	
-	
-	
-	

-	
-	
-	
-	
-	
-	
-	
-	

-	
-	

-	(ARGM-DIS*)	*	*	*	
V	(V*)	*	*	*	
-	(ARGM-PRR*	(ARG0*)	*	*	
-	*	*	*	*	
V	*)	(V*)	*	*	
-	(ARGM-PRP*	*	*	*	
V	*	*	(V*)	*	
-	*	*	(ARG2*	(ARG0*)	
V	*)	*	*)	(V*)	
-	*	*	*	*	

-	
-	

V	(V*)	*	
-	*	*	
V	*	(V*)	
-	(ARG1*	*	
-	*)	*	
-	(ARG2*	*	
-	*	*	
-	*	*	
-	*	*	
-	*)	*	

-	*	*	*	*	
-	*	*	*	*	
-	(ARG0*)	*	*	*	
V	(V*)	*	*	*	
-	(ARG1*	*	*	*	
-	*	*	*	*	
-	*	*	*	*	
-	*	*	*	*	
-	*)	*	*	*	
-	(ARGM-ADJ*)	*	*	*	
-	*	*	*	*	
-	*	*	*	*	
-	*	*	*	*	
-	*	(ARG0*)	*	*	
V	*	(V*)	*	*	
-	*	(ARG1*	(ARG0*)	*	
V	*	*	(V*)	*	
-	*	*	(ARG1*	*	
V	*	*)	*)	(V*)	
-	*	*	*	*	

-	(ARG1*	
-	*)	
V	(V*)	
-	*	
-	(ARG2*)	
-	(ARG2*)	
-	*	
-	*	
-	*	
-	*	
-	*	

-	(ARGM-DIS*)	*	
V	(V*)	*	
-	(ARG1*	*	
-	*	(ARG1*)	
-	*	*	
V	*	(V*)	
-	*)	(ARG1*)	
-	*	*	

-	*	(ARG0*)	
V	(V*)	*	
V	*	(V*)	
-	*	(ARGM-TMP*	
-	*	*	
-	*	*	
-	*	*	
-	*	*	
-	*	*)	
-	*	*	

-	
-	

-	(ARGM-DIS*)	*	
-	(ARG1*)	*	
V	(V*)	*	
-	(ARG2*	*	
-	*	*	
-	*	*	
-	*	(ARG0*)	
V	*	(V*)	
-	*)	*	

-	*	(ARG0*)	*	
V	(V*)	*	*	
V	*	(V*)	*	
-	*	*	*	
-	*	(ARG1*	*	
-	*	*)	*	
-	*	(ARG2*	*	
V	*	*)	(V*)	
-	*	*	*	

-	

-	*	*	*	*	*	
-	*	*	*	*	*	
-	*	*	*	*	*	
-	(ARG0*)	*	*	*	*	
-	(ARGM-DIS*)	*	*	*	*	
V	(V*)	*	*	*	*	
-	(ARG2*)	*	*	*	*	
-	(ARG1*	*	*	*	*	
V	*)	(V*)	*	*	*	
-	(ARG0*	*	(ARG0*	*	*	
-	*	*	*	*	*	
-	*	*	*	*	*	
-	*	*	*)	*	*	
-	*	*	(R-ARG0*)	*	*	
V	*	*	(V*)	*	*	
-	*	*	*	*	*	
-	*	*	(ARG1*)	*	*	
-	*	*	(ARG2*	*	*	
V	*	*	*	(V*)	*	
V	*)	*	*)	*	(V*)	
-	*	*	*	*	*	

-	*	*	(ARGM-LVB*	*	*	
-	*	(ARG0*)	*	*	*	
V	(V*)	*	*	*	*	
V	*	(V*)	*	*	*	
-	*	(ARG1*)	*)	*	*	
-	*	*	*	*	*	
-	*	*	*	*	*	
-	*	*	*	(ARGM-ADV*	*	
-	*	*	*	*	*	
V	*	*	(V*)	*)	*	
-	*	*	*	*	*	
-	*	*	*	(ARG0*)	*	
-	*	*	*	(ARGM-MOD*)	*	
V	*	*	*	(V*)	*	
-	*	*	*	(ARG1*	*	
V	*	*	*	*	(V*)	
-	*	*	*	*	(ARG1*	
-	*	*	*	*	*	
-	*	*	*	*	*	
-	(ARG1*	*	*	*	*	
-	*)	*	*	*)	*)	
-	*	*	*	*	*	

V	(V*)	
-	*	

-	
-	
-	
-	
-	
-	
-	
-	
-	
-	
-	
-	
-	
-	
-	
-	
-	
-	
-	
-	
-	
-	
-	
-	
-	
-	
-	

-	(ARG1*)	*	
V	(V*)	*	
V	*	(V*)	
-	(ARG2*)	*	
-	(ARG2*)	*	

-	(ARG1*)	*	
V	(V*)	*	
V	(ARG2*	(V*)	
-	*)	*	

-	(ARG1*)	*	
V	(V*)	*	
V	(ARG2*)	(V*)	
-	(ARG2*	*	
-	*	*	
-	*	*	
-	*	*	
-	*)	*	

-	(ARG0*)	
-	(ARGM-NEG*)	
V	(V*)	
-	*	
-	*	
-	(ARG0*)	
-	(ARG1*)	
-	*	

-	(ARG1*	*	*	*	
-	*)	*	*	*	
V	(V*)	*	*	*	
-	(ARG1*	*	*	*	
V	*	(V*)	*	*	
V	*	*	(V*)	*	
-	*	*	(ARG1*	*	
-	*	*	*	*	
-	*	*	*	*	
-	*	*	*	*	
-	*	*	*	*	
-	*	*	*	*	
V	*)	*	*)	(V*)	
-	*	*	*	*	

V	(V*)	
-	(ARG1*)	
-	(ARGM-TMP*)	
-	*	

V	(V*)	*	
-	*	*	
V	*	(V*)	
-	(ARG1*	*	
-	*	*	
-	*	*	
-	*)	*	

-	(ARG0*)	*	
V	(V*)	*	
-	(ARG1*	*	
V	*	(V*)	
-	*	*	
-	*	(ARG1*	
-	*	*)	
-	*	(ARGM-TMP*	
-	*)	*)	
-	*	*	

V	(V*)	*	*	*	
-	(ARG1*)	*	*	*	
V	(ARG1*	(V*)	*	*	
-	*	(ARG1*	(ARG1*	*	
-	*	*	*)	*	
V	*	*	(V*)	*	
V	*)	*)	*	(V*)	
-	*	*	*	*	

-	
-	
-	
-	
-	
-	
-	
-	
-	
-	
-	
-	
-	
-	
-	
-	
-	
-	
-	
-	
-	
-	
-	
-	

V	(V*)	*	
-	*	*	
V	*	(V*)	
-	(ARG1*	*	
-	*)	*	
-	(ARG2*	*	
-	*	*	
-	*	*	
-	*	*	
-	*)	*	

-	*	*	*	*	
-	*	*	*	*	
-	(ARG0*)	*	*	*	
V	(V*)	*	*	*	
-	(ARG1*	*	*	*	
-	*	*	*	*	
-	*	*	*	*	
-	*	*	*	*	
-	*)	*	*	*	
-	(ARGM-ADJ*)	*	*	*	
-	*	*	*	*	
-	*	*	*	*	
-	*	*	*	*	
-	*	(ARG0*)	*	*	
V	*	(V*)	*	*	
-	*	(ARG1*	(ARG0*)	*	
V	*	*	(V*)	*	
-	*	*	(ARG1*	*	
V	*	*)	*)	(V*)	
-	*	*	*	*	

-	(ARG1*	
-	*)	
V	(V*)	
-	*	
-	(ARG2*)	
-	(ARG2*)	
-	*	
-	*	
-	*	
-	*	
-	*	

-	(ARGM-DIS*)	*	
V	(V*)	*	
-	(ARG1*	*	
-	*	(ARG1*)	
-	*	*	
V	*	(V*)	
-	*)	(ARG1*)	
-	*	*	

-	*	(ARG0*)	
V	(V*)	*	
V	*	(V*)	
-	*	(ARGM-TMP*	
-	*	*	
-	*	*	
-	*	*	
-	*	*	
-	*	*)	
-	*	*	

-	
-	

-	*	
V	(V*)	
-	(ARG1*)	

-	
-	
-	

-	
-	
-	
-	
-	
-	
-	
-	
-	
-	
-	
-	
-	
-	
-	
-	
-	
-	
-	
-	
-	
-	
-	
-	

-	(ARG1*)	*	
V	(V*)	*	
V	*	(V*)	
-	(ARG2*)	*	
-	(ARG2*)	*	

-	(ARG1*)	
V	(V*)	
-	(ARG2*	
-	*)	

-	(ARG1*)	*	
V	(V*)	*	
V	(ARG2*)	(V*)	
-	(ARG2*	*	
-	*	*	
-	*	*	
-	*	*	
-	*)	*	

-	(ARG0*)	
-	(ARGM-NEG*)	
V	(V*)	
-	*	
-	*	
-	(ARG0*)	
-	(ARG1*)	
-	*	

-	(ARG1*	*	*	*	
-	*)	*	*	*	
V	(V*)	*	*	*	
-	(ARG1*	*	*	*	
V	*	(V*)	*	*	
V	*	*	(V*)	*	
-	*	*	(ARG1*	*	
-	*	*	*	*	
-	*	*	*	*	
-	*	*	*	*	
-	*	*	*	*	
-	*	*	*	*	
V	*)	*	*)	(V*)	
-	*	*	*	*	

V	(V*)	
-	(ARG1*)	
-	(ARGM-TMP*)	
-	*	

V	(V*)	*	
-	*	*	
V	*	(V*)	
-	(ARG1*	*	
-	*	*	
-	*	*	
-	*)	*	

-	(ARG0*)	*	
V	(V*)	*	
-	(ARG1*	*	
V	*	(V*)	
-	*	*	
-	*	(ARG1*	
-	*	*)	
-	*	(ARGM-TMP*	
-	*)	*)	
-	*	*	

V	(V*)	*	*	*	
-	(ARG1*)	*	*	*	
V	(ARG1*	(V*)	*	*	
-	*	(ARG1*	(ARG1*	*	
-	*	*	*)	*	
V	*	*	(V*)	*	
V	*)	*)	*	(V*)	
-	*	*	*	*	

-	
-	
-	
-	
-	
-	
-	
-	
-	
-	
-	
-	
-	
-	
-	
-	
-	
-	
-	
-	
-	
-	
-	
-	

-	

-	
-	
-	

V	(V*)	
-	*	
-	*	
-	(ARG0*)	
-	*	

-	*	*	*	*	
V	(V*)	*	*	*	
-	(ARG2*	*	*	*	
V	*)	(V*)	*	*	
-	(ARG2*	*	*	*	
-	*)	*	*	*	
-	(ARG1*	*	*	*	
V	*	*	(V*)	*	
V	*)	*	(ARG1*)	(V*)	
-	*	*	*	*	

-	(ARG0*)	*	
-	*	*	
V	(V*)	*	
-	(ARG1*	*	
V	*	(V*)	
-	*	(ARG1*)	
-	*	(ARG2*	
-	*	*	
-	*)	*)	
-	*	*	

V	(V*)	
-	(ARG1*)	
-	*	
-	(ARG0*)	
-	(ARG2*)	
-	*	

-	*	
-	(ARG1*)	
V	(V*)	
-	*	
-	*	
-	(ARG1*)	
-	*	
-	*	
-	*	
-	(ARGM-TMP*)	
-	*	

-	*	(ARG0*	
-	*	*	
-	*	*	
-	*	*	
-	*	*)	
-	*	(ARG1*	
-	*	*)	
V	(V*)	*	
V	*	(V*)	
-	*	*	
-	*	(ARGM-TMP*)	
-	*	*	

-	*	
-	(ARG1*)	
-	*	
V	(V*)	
-	(ARG1*	
-	*	
-	*	
-	*	
-	*)	
-	(ARGM-TMP*	
-	*	
-	*)	
-	*	
-	*	

-	*	(ARG0*	*	
-	*	*	*	
-	*	*	*	
-	*	*)	*	
-	*	(ARG1*	*	
-	*	*)	*	
V	(V*)	*	*	
V	*	(V*)	*	
-	*	*	*	
-	*	(ARG1*)	*	
-	*	*	*	
-	*	*	*	
-	*	*	*	
V	*	*	(V*)	
-	*	*	(ARG1*	
-	*	*	*	
-	*	*	*	
-	*	*	*	
-	*	*	*)	
-	*	*	*	
-	*	*	*	
-	*	*	(ARGM-TMP*	
-	*	*	*	
-	*	*	*)	
-	*	*	*	
-	*	*	*	

-	*	
-	(ARG1*)	
-	(ARG0*)	
V	(V*)	
-	*	
-	(ARGM-TMP*)	
-	(ARGM-TMP*	
-	*	
-	*)	
-	*	
-	*	

-	*	(ARG0*	*	
-	*	*	*	
-	*	*	*	
-	*	*)	*	
-	*	(ARG0*	*	
-	*	*)	*	
V	(V*)	(ARGM-MOD*)	*	
V	*	(V*)	*	
-	*	(ARG1*)	*	
-	*	*	*	
-	*	(ARG2*)	*	
-	*	*	*	
-	*	*	*	
-	*	*	*	
V	*	*	(V*)	
-	*	*	*	
-	*	*	*	
-	*	*	(ARG2*	
-	*	*	*	
-	*	*	*)	
-	*	*	*	
-	*	*	*	

-	*	(ARG0*	*	
-	*	*	*	
V	(V*)	*)	*	
-	*	*	*	
V	*	(V*)	*	
-	*	*	*	
-	*	(ARG1*)	*	
-	*	*	*	
-	*	*	*	
-	*	*	*	
-	(ARG1*	*	*	
-	*	*	*	
-	*	*	*	
-	*	*	*	
-	*	*	*	
-	*)	*	*	
-	*	*	(ARG0*	
-	*	*	*)	
-	*	*	*	
-	*	*	*	
-	*	*	*	
V	*	*	(V*)	
-	*	*	(ARG1*)	
-	*	*	(ARG2*)	
-	*	*	*	

-	*	*	
-	*	(ARG0*	
-	*	*)	
-	*	*	
-	*	*	
-	*	(ARG1*	
-	*	*)	
V	(V*)	(ARGM-MOD*)	
V	*	(V*)	
-	*	*	
-	*	(ARGM-MNR*)	
-	*	*	

V	(V*)	*	*	*	*	
-	(ARG1*)	*	*	*	*	
V	*	(V*)	*	*	*	
V	(ARG2*)	*	(V*)	*	*	
-	*	*	*	*	*	
-	*	*	*	*	*	
-	*	*	*	*	(ARG1*)	
-	*	*	*	*	*	
-	*	*	*	*	*	
-	*	*	*	*	*	
-	*	*	*	*	(ARG1*)	
V	*	*	*	(V*)	(ARGM-MOD*)	
V	*	*	*	*	(V*)	
-	*	*	*	*	(ARG1*	
-	*	*	*	*	*	
-	*	*	*	*	*	
-	*	*	*	*	*	
-	*	*	*	*	*	
-	*	*	*	*	*	
-	*	*	*	*	*)	
-	*	*	*	*	*	

-	*	(ARGM-TMP*	*	*	*	
-	*	*	*	*	*	
-	*	*)	*	*	*	
-	*	*	*	*	*	
-	*	(ARG0*	*	*	*	
-	*	*	*	*	*	
-	*	*	*	*	*	
-	*	*	*	*	*	
-	*	*	*	*	*	
-	*	*	*	*	*	
-	*	*)	*	*	*	
V	(V*)	*	*	*	*	
V	*	(V*)	*	*	*	
-	*	*	*	*	*	
-	*	*	*	*	*	
-	*	(ARG1*)	*	*	*	
-	*	*	*	*	*	
-	*	*	*	*	*	
V	*	*	(V*)	*	*	
V	*	*	*	(V*)	*	
-	*	*	*	(ARG1*)	*	
-	*	*	*	(ARG1*	*	
-	*	*	*	*	*	
V	*	*	*	*	(V*)	
-	*	*	*	*)	*	
-	*	*	*	(ARGM-TMP*)	*	
-	*	*	*	*	*	

-	(ARGM-DIS*	
-	*)	
-	*	
-	(ARG1*)	
V	(V*)	
-	(ARG2*	
-	*)	

-	*	*	*	*	
-	(ARG1*)	*	*	*	
V	(V*)	*	*	*	
-	(ARG2*	*	*	*	
V	*)	(V*)	*	*	
-	(ARG2*	*	*	*	
-	*	*	*	*	
-	*	*	*	*	
-	*	*	*	*	
-	*	*	*	*	
-	*	*	*	*	
-	*	*	(ARG0*)	*	
V	*	*	(V*)	*	
-	*	*	(ARG1*	*	
V	*	*	*)	(V*)	
-	*	*	*	*	
-	*)	*	*	*	

-	(ARG1*	*	*	*	*	*	*	*	
-	*	*	*	*	*	*	*	*	
-	*	*	*	*	*	*	*	*	
-	*)	*	*	*	*	*	*	*	
V	(V*)	*	*	*	*	*	*	*	
V	(ARG2*)	(V*)	*	*	*	*	*	*	
-	*	*	*	*	*	*	*	*	
-	*	*	(ARG1*)	*	*	*	*	*	
V	*	*	(V*)	*	*	*	*	*	
V	*	*	(ARG2*	(V*)	*	*	*	*	
-	*	*	*	*	*	*	*	*	
-	*	*	*	*	*	(ARG0*)	*	*	
V	*	*	*	*	(V*)	*	*	*	
V	*	*	*	*	*	(V*)	*	*	
-	*	*	*	*	*	*	*	*	
-	*	*	*	*	*	*	*	*	
-	*	*	*)	*	*	*	*	*	
-	*	*	*	*	*	*	*	(ARG0*)	
V	*	*	*	*	*	*	(V*)	*	
V	*	*	*	*	*	*	*	(V*)	
-	*	*	*	*	*	*	*	*	
-	*	*	*	*	*	*	*	(ARG1*)	
-	*	*	*	*	*	*	*	(ARGM-MOD*)	
-	*	*	*	*	*	*	*	*	
-	*	*	*	*	*	*	*	*	
-	*	*	*	*	*	*	(ARG2*)	*	
-	*	*	*	*	*	*	*	*	

-	*	*	
-	*	*	
-	(ARG0*)	*	
V	(V*)	*	
-	*	*	
-	(ARG1*	*	
V	*	(V*)	
-	*)	(ARG1*)	
-	*	*	

-	
-	

-	
-	
-	

-	*	(ARG1*)	
-	*	*	
-	*	(ARGM-TMP*)	
V	(V*)	*	
-	(ARG2*)	*	
-	*	*	
-	(ARG2*)	*	
-	*	*	
-	*	*	
-	*	(ARGM-MOD*)	
V	*	(V*)	
-	*	(ARG1*)	
-	*	*	
-	*	(ARG1*)	
-	*	(ARGM-TMP*	
-	*	*)	
-	*	*	

-	(ARGM-ADJ*)	
V	(V*)	
-	*	

-	
-	

-	
-	

-	
-	
-	

-	
-	

-	*	(ARGM-ADV*	
-	*	*	
-	*	*)	
-	*	*	
-	*	(ARG1*	
-	*	*	
-	*	*	
-	*	*)	
-	*	*	
V	(V*)	*	
V	*	(V*)	
-	*	(ARG1*	
-	*	*	
-	*	*)	
-	*	*	

-	
-	
-	

-	
-	
-	

-	*	*	(ARG1*	*	*	
-	*	*	*)	*	*	
-	*	*	*	*	*	
-	*	*	*	*	*	
-	*	*	*	*	*	
-	*	*	*	*	*	
-	*	*	*	*	*	
V	(V*)	*	*	*	*	
V	*	(V*)	*	*	*	
-	*	*	*	*	*	
-	*	(ARG1*)	*	*	*	
V	*	*	(V*)	*	*	
V	*	*	*	(V*)	*	
V	*	*	*	*	(V*)	
-	*	*	*	*	*	
-	*	*	*	*	(ARG1*)	
-	*	*	*	*	*	
-	*	*	*	*	(ARG1*)	
-	*	*	*	*	(ARGM-LOC*	
-	*	*	*	*	*	
-	*	*	*	*	*	
-	*	*	*	*	*	
-	*	*	*	*	*)	
-	*	*	*	*	*	

-	*	*	*	*	*	*	
-	*	(ARG0*)	*	*	*	*	
V	(V*)	(ARGM-ADV*)	*	*	*	*	
V	*	(V*)	*	*	*	*	
-	*	*	*	*	*	*	
V	*	*	(V*)	*	*	*	
-	*	*	*	(ARGM-TMP*)	*	*	
-	*	*	*	(ARGM-ADV*)	*	*	
-	*	*	*	*	*	*	
-	*	*	*	(ARG0*)	*	*	
-	*	*	*	(ARGM-MOD*)	*	*	
V	*	*	*	(V*)	*	*	
-	*	*	*	(ARG1*	*	*	
V	*	*	*	*)	(V*)	*	
-	*	*	*	(ARG1*	*	*	
-	*	*	*	*	*	*	
-	*	*	*	*	*	*	
-	*	*	*	*	*	*	
-	*	*	*	*)	*	*	
-	*	*	*	*	*	*	
-	(ARG1*)	*	*	*	*	*	
-	*	*	*	(ARGM-PRP*	*	*	
V	*	*	*	*	*	(V*)	
-	*	*	*	*	*	(ARG1*	
-	*	*	*	*	*	*	
-	*	*	*	*	*	*	
-	*	*	*	*)	*	*)	
-	*	*	*	*	*	*	

-	(ARG0*)	*	*	*	
V	(V*)	*	*	*	
-	(ARG1*	*	*	*	
-	*	*	*	*	
-	*)	*	*	*	
-	*	*	*	*	
-	*	*	*	*	
-	*	(ARG0*)	*	*	
V	*	(V*)	*	*	
-	*	*	*	*	
-	(ARG1*	*	(ARG1*	*	
-	*	*	*	*	
-	*	*	*)	*	
V	*	*	(V*)	*	
V	*)	*	*	(V*)	
-	*	*	*	*	

V	(V*)	*	*	
V	*	(V*)	*	
-	(ARG1*	*	(ARG0*	
-	*	*	*)	
-	*	*	(R-ARG0*)	
V	*	*	(V*)	
-	*	*	(ARG1*	
-	*)	*	*)	
-	*	*	*	

-	*	*	(ARG1*	
V	(V*)	*	*	
-	*	*	*	
-	*	*	*	
-	*	*	*	
-	*	*	*	
V	*	(V*)	*)	
-	*	(ARG1*	*	
V	*	*	(V*)	
-	*	*)	*	

-	*	(ARG1*	
-	*	*	
-	*	*	
-	*	*	
-	*	*	
-	*	*	
V	(V*)	*)	
V	*	(V*)	
-	*	*	
-	*	*	
-	*	*	
-	(ARG1*	*	
-	*	*	
-	*)	*	
-	*	*	

-	*	(ARG1*	*	*	*	*	*	
V	(V*)	*)	*	*	*	*	*	
-	*	*	*	*	*	*	*	
-	*	*	*	*	*	*	*	
V	*	(V*)	*	*	*	*	*	
-	*	(ARG1*	*	*	*	*	*	
V	*	*)	(V*)	*	*	*	*	
-	*	(ARG2*	*	*	*	*	*	
-	*	*	*	*	*	*	*	
-	*	*	*	*	*	*	*	
-	*	*)	*	*	*	*	*	
V	*	(ARG1*	*	(V*)	*	*	*	
-	*	*	*	*	*	*	*	
V	*	*	*	*	(V*)	*	*	
-	*	*	*	*	*	*	*	
-	*	*)	*	*	*	*	*	
-	(ARG1*	*	*	*	*	*	*	
-	*	*	*	*	*	*	*	
-	*	*	*	*	*	*	*	
-	*	*	*	*	*	*	*	
-	*	*	*	*	*	*	*	
-	*	*	*	*	*	*	*	
-	*)	*	*	*	*	*	*	
-	*	*	*	*	*	(ARG1*)	*	
V	*	*	*	*	*	(V*)	*	
-	*	*	*	*	*	*	*	
-	*	*	*	*	*	*	*	
-	*	*	*	*	*	*	*	
-	*	*	*	*	*	*	*	
-	*	*	*	*	*	*	*	
-	*	*	*	*	*	*	*	
-	*	*	*	*	*	*	*	
-	*	*	*	*	*	*	*	
-	*	*	*	*	*	*	*	
-	*	*	*	*	*	*	*	
-	*	*	*	*	*	*	*	
-	*	*	*	*	*	*	*	
-	*	*	*	*	*	*	*	
-	*	*	*	*	*	*	*	
-	*	*	*	*	*	*	*	
-	*	*	*	*	*	*	*	
-	*	*	*	*	*	*	*	
V	*	*	*	*	*	*	(V*)	
-	*	*	*	*	*	*	(ARG1*	
-	*	*	*	*	*	*	*)	
-	*	*	*	*	*	*	*	

-	*	*	
V	(V*)	*	
-	*	(ARG1*	
-	*	*	
-	*	*	
-	*	*	
-	*	*)	
-	*	(ARGM-MOD*)	
-	*	*	
V	*	(V*)	
-	*	(ARG2*	
-	*	*	
-	*	*	
-	*	*	
-	*	*	
-	*	*	
-	*	*)	
-	*	*	

-	*	(ARG1*	
-	*	*	
-	*	*	
-	*	*)	
-	*	*	
V	(V*)	(ARGM-DIS*)	
V	*	(V*)	
-	*	(ARG1*	
-	*	*	
-	*	*)	
-	*	*	

V	(V*)	*	*	
-	(ARG1*)	*	*	
-	(ARGM-PRP*	*	*	
-	*	*	*	
V	*	(V*)	*	
-	*	(ARG1*	*	
V	*)	*)	(V*)	
-	*	*	*	

-	

-	*	(ARGM-DIS*)	
-	*	(ARG0*)	
V	(V*)	(ARGM-NEG*)	
V	*	(V*)	
-	*	(ARG2*)	
-	*	(ARGM-TMP*)	
-	*	*	

-	(ARG0*)	*	*	*	*	*	*	
V	(V*)	*	*	*	*	*	*	
-	(ARG1*	*	*	*	*	*	*	
V	*	(V*)	*	*	*	*	*	
-	*)	(ARG1*)	*	*	*	*	*	
V	*	*	(V*)	*	*	*	*	
-	*	*	*	*	*	*	*	
-	*	*	*	*	*	*	*	
V	*	*	*	(V*)	*	*	*	
-	*	*	*	*	*	*	*	
-	*	*	*	*	*	*	*	
V	*	*	*	*	(V*)	*	(ARGM-LVB*	
-	*	*	*	*	*	*	*	
V	*	*	*	*	*	(V*)	*	
-	*	*	*	*	*	(ARG1*)	*)	
-	*	*	*	*	*	(ARG2*	*	
-	*	*	*	*	*	*	*	
V	*	*	*	*	*	*)	(V*)	
-	*	*	*	*	*	*	*	

-	(ARG0*)	*	*	*	
V	(V*)	*	*	*	
-	(ARG1*)	*	*	*	
-	*	*	*	*	
-	*	*	*	*	
-	(ARGM-TMP*)	*	*	*	
-	*	*	*	*	
-	*	*	*	*	
-	*	(ARG0*)	*	*	
V	*	(V*)	*	*	
-	*	(ARG1*	*	(ARG1*)	
V	*	*	(V*)	*	
-	*	*	*	*	
V	*	*)	*	(V*)	
-	*	*	*	*	

-	*	*	*	*	*	
-	(ARG0*)	*	*	*	*	
V	(V*)	*	*	*	*	
-	(ARG1*)	*	*	*	*	
-	(ARG1*	(ARG0*)	*	*	*	
V	*	(V*)	*	*	*	
-	*	(ARG1*)	*	*	*	
-	*	*	*	*	*	
V	*	(ARG1*	(V*)	*	*	
V	*	*)	*	(V*)	*	
-	*	(ARG1*	*	*	*	
V	*	*	*	*	(V*)	
-	*)	*)	*	*	(ARG2*)	
-	*	*	*	*	*	
-	*	*	*	*	(ARGM-MNR*)	
-	*	*	*	*	*	

-	(ARG0*)	*	
V	(V*)	*	
-	(ARG1*	(ARG1*)	
V	*	(V*)	
-	*)	*	
-	*	*	

V	(V*)	*	*	*	*	*	*	*	*	*	*	*	*	*	*	*	*	
-	*	(ARG0*)	*	*	*	*	*	*	*	*	*	*	*	*	*	*	*	
V	*	(V*)	*	*	*	*	*	*	*	*	*	*	*	*	*	*	*	
-	*	*	*	*	*	*	*	*	*	*	*	*	*	*	*	*	*	
-	*	(ARG1*	*	*	*	*	*	*	*	*	*	*	*	*	*	*	*	
-	*	*	*	*	*	*	*	*	*	*	*	*	*	*	*	*	*	
-	*	*)	*	*	*	*	*	*	*	*	*	*	*	*	*	*	*	
-	*	*	*	*	*	*	*	*	*	*	*	*	*	*	*	*	*	
-	*	*	*	*	*	*	*	*	*	(ARG1*)	*	*	*	*	*	*	*	
V	*	*	(V*)	*	*	*	*	*	*	*	*	*	*	*	*	*	*	
-	*	*	(ARGM-TMP*	*	*	*	*	*	*	*	*	*	*	*	*	*	*	
-	*	*	*)	*	*	*	*	*	*	*	*	*	*	*	*	*	*	
-	*	*	*	*	*	*	*	*	*	*	*	*	*	*	*	*	*	
-	*	*	*	(ARG0*)	*	*	*	*	*	*	*	*	*	*	*	*	*	
V	*	*	*	(V*)	*	*	*	*	*	*	*	*	*	*	*	*	*	
-	*	*	*	(ARG1*	*	*	*	*	*	*	*	*	*	*	*	*	*	
V	*	*	*	*	(V*)	*	*	*	*	*	*	*	*	*	*	*	*	
-	*	*	*	*	(ARG1*	(ARG0*)	*	*	*	*	*	*	*	*	*	*	*	
V	*	*	*	*	*	(V*)	*	*	*	*	*	*	*	*	*	*	*	
-	*	*	*	*	*	(ARG1*	*	*	*	*	*	*	*	*	*	*	*	
V	*	*	*	*	*	*	(V*)	*	*	*	*	*	*	*	*	*	*	
V	*	*	*	*	*	*	(ARG1*)	(V*)	*	*	*	*	*	*	*	*	*	
-	*	*	*	*	*	*	(ARG1*	*	*	*	*	*	*	*	*	*	*	
-	*	*	*	*	*	*	*	*	(ARG0*)	*	*	*	*	*	*	*	*	
V	*	*	*	*	*	*	*	*	(V*)	*	*	*	*	*	*	*	*	
-	*	*	*	*	*	*	*	*	(ARG1*)	*	*	*	*	*	*	*	*	
-	*	*	*	*	*	*	*	*	(ARG1*	(ARG1*)	*	*	*	*	*	*	*	
V	*	*	*	*	*	*	*	*	*	(V*)	*	*	*	*	*	*	*	
V	*	*	*	*	*	*	*	*	*)	*	(V*)	*	*	*	*	*	*	
-	*	*	*	*	*	*	*	*	*	*	*	*	*	*	*	*	*	
V	*	*	*	*	*	*	*	*	*	*	*	(V*)	*	*	*	*	*	
-	*	*	*	*	*	*	*	*	*	*	*	(ARG1*	*	*	*	*	*	
-	*	*	*	*	*	*	*	*	*	*	*	*	*	*	*	*	*	
-	*	*	*	*	*	*	*	*	*	*	*	*	*	*	*	*	*	
-	*	*	*	*	*	*	*	*	*	*	*	*	*	*	*	*	*	
-	*	*	*	*)	*)	*)	*)	*	*	*	*	*)	*	*	*	*	*	
-	*	*	*	*	*	*	*	*	*	*	*	*	*	*	*	*	*	
-	*	*	*	*	*	*	*	*	*	*	*	*	(ARGM-ADV*)	*	*	*	*	
V	*	*	*	*	*	*	*	*	*	*	*	*	(V*)	*	*	*	*	
-	*	*	*	*	*	*	*	*	*	*	*	*	(ARG1*	*	*	*	*	
-	*	*	*	*	*	*	*	*	*	*	*	*	*)	*	*	*	*	
-	*	*	*	*	*	*	*	*	*	*	*	*	*	*	*	*	*	
-	*	*	*	*	*	*	*	*	*	*	*	*	(ARG1*	*	(ARG0*)	*	*	
V	*	*	*	*	*	*	*	*	*	*	*	*	*	(V*)	(ARGM-MOD*)	*	*	
-	*	*	*	*	*	*	*	*	*	*	*	*	*	*	(ARGM-NEG*)	*	*	
V	*	*	*	*	*	*	*	*	*	*	*	*	*	*	(V*)	*	*	
-	*	*	*	*	*	*	*	*	*	*	*	*	*	*	(ARG1*	*	*	
-	*	*	*	*	*	*	*	*	*	*	*	*	*	*	*	*	*	
-	*	*	*	*	*	*	*	*	*	*	*	*	*	*	*	*	*	
-	*	*	*	*	*	*	*	*	*	*	*	*	*	*	*	*	*	
-	*	*	*	*	*	*	*	*	*	*	*	*	*	*	*	*	*	
V	*	*	*	*	*	*	*	*	*	*	*	*	*	*	*	(V*)	*	
-	*	*	*	*	*	*	*	*	*	*	*	*	*	*	*	*	*	
V	*	*	*	*	*	*	*	*	*	*	*	*	*	*	*	(ARG1*)	(V*)	
-	*	*	*	*	*	*	*	*	*	*	*	*	*	*	*	*	*	
-	*	*	*	*	*	*	*	*	*	*	*	*	*)	*	*)	(ARGM-MNR*)	*	
-	*	*	*	*	*	*	*	*	*	*	*	*	*	*	*	*	*	

-	
-	
-	
-	
-	
-	

-	*	*	
-	*	*	
-	*	*	
-	*	(ARG1*)	
-	*	*	
V	(V*)	*	
V	*	(V*)	
-	*	(ARG1*	
-	*	*	
-	*	*)	
-	*	*	

-	*	*	*	*	*	
-	(ARG1*)	*	*	*	*	
V	(V*)	*	*	*	*	
-	(ARG2*	*	*	*	*	
-	*	*	*	*	*	
-	*)	*	*	*	*	
V	(ARG1*	(V*)	*	*	*	
-	*	*	*	*	*	
-	*	*	*	*	*	
-	*	*	*	*	*	
-	*	*	*	*	*	
-	*	*	*	*	*	
-	*	*	*	*	*	
-	*)	*	*	*	*	
V	*	*	(V*)	*	*	
-	(ARG2*	*	*	*	*	
-	*	*	*	*	*	
-	*)	*	*	*	*	
-	(ARG1*	*	*	*	*	
-	*	*	*	*	*	
-	*)	*	*	*	*	
-	*	*	*	*	*	
-	*	*	*	*	*	
-	*	*	*	(ARG0*)	*	
-	*	*	*	(ARGM-MOD*)	*	
-	*	*	*	(ARGM-NEG*)	*	
V	*	*	*	(V*)	*	
-	*	*	*	(ARG1*	*	
V	*	*	*	*	(V*)	
-	*	*	*	*	(ARG1*	
-	*	*	*	*	*)	
-	*	*	*	*	(ARG2*	
-	*	*	*	*)	*)	
-	*	*	*	*	*	

-	(ARGM-ADV*	*	*	
-	*	*	*	
-	*)	*	*	
-	*	*	*	
-	(ARG0*)	*	*	
-	(ARGM-MOD*)	*	*	
V	(V*)	*	*	
-	(ARG1*	*	*	
-	*)	*	*	
-	*	*	*	
-	*	*	*	
V	*	(V*)	*	
-	*	(ARG1*	*	
-	*	*)	*	
-	(ARG1*	*	*	
-	*	*	*	
V	*)	*	(V*)	
-	*	*	*	

-	(ARGM-DIS*)	*	*	*	
V	(V*)	*	*	*	
-	(ARG1*	*	*	*	
-	*	*	(ARG1*	*	
-	*	*	*)	*	
-	*	*	*	*	
-	*	*	(ARG0*	*	
-	*	*	*)	*	
V	*	(V*)	*	*	
-	*	*	(ARGM-NEG*)	*	
V	*	*	(V*)	*	
-	*	*	(ARG1*	*	
-	*	*	*	*	
V	*	*	*)	(V*)	
-	*	*	(ARG1*	*	
-	*	*	*	*	
-	*	*	*	*	
-	*	*	*	*	
-	*)	*	*)	*	
-	*	*	*	*	

-	*	*	*	*	*	*	*	
-	*	*	*	*	*	*	*	
V	(V*)	*	*	*	*	*	*	
-	*	*	*	*	*	*	*	
-	*	*	*	*	*	*	*	
-	*	*	*	*	*	*	*	
-	*	*	*	*	*	*	*	
-	(ARGM-ADJ*)	*	*	*	*	*	*	
-	*	*	*	*	*	*	*	
-	*	*	*	*	*	*	*	
V	*	(V*)	*	*	*	*	*	
-	*	*	(ARGM-NEG*)	*	*	*	*	
V	*	*	(V*)	*	*	*	*	
-	*	*	(ARG1*	*	*	*	*	
-	*	*	*	*	*	*	*	
-	*	*	*	*	*	*	*	
-	*	*	*)	*	*	*	*	
-	*	*	*	*	(ARG1*	*	*	
-	*	*	*	*	*	*	*	
-	*	*	*	*	*)	*	*	
-	*	*	*	*	*	*	*	
V	*	*	*	(V*)	(ARGM-ADV*)	*	*	
V	*	*	*	*	(V*)	*	*	
-	*	*	*	*	(ARG1*)	*	*	
-	*	*	*	*	*	*	*	
V	*	*	*	*	*	(V*)	*	
-	*	*	*	*	*	*	*	
V	*	*	*	*	*	*	(V*)	
-	*	*	*	*	*	*	(ARG2*	
-	*	*	*	*	*	*	*)	
-	*	*	*	*	*	*	*	

-	
-	
-	
-	

-	
-	
-	
-	

-	
-	
-	
-	
-	
-	

V	(V*)	
-	*	
-	*	
-	*	
-	*	
-	*	

V	(V*)	
-	*	

-	(ARG1*	*	(ARG0*	*	*	*	
-	*)	*	*	*	*	*	
V	(V*)	*	*	*	*	*	
-	*	*	*	*	*	*	
-	*	*	*	*	*	*	
-	*	*	*	*	*	*	
-	*	*	*)	*	*	*	
-	*	*	(R-ARG0*)	*	*	*	
V	*	(V*)	(ARGM-MOD*)	*	*	*	
V	*	*	(V*)	*	*	*	
-	*	*	(ARG1*	*	*	*	
-	*	*	*	*	*	*	
-	*	*	*	*	*	*	
-	*	*	*	*	*	*	
V	*	*	*	(V*)	*	*	
-	*	*	*	(ARG1*	*	*	
-	*	*	*)	*)	*	*	
V	*	*	*	*	(V*)	*	
-	*	*	*	*	(ARG1*	*	
-	*	*	*	*	*)	*	
-	*	*	*	*	*	(ARG1*	
-	*	*	*	*	*	*	
-	(ARG1*)	*	*	*	*	*	
-	(ARG1*	*	*	*	*	*)	
V	*)	*	*	*	*	(V*)	
-	*	*	*	*	*	*	

-	(ARG0*)	*	
V	(V*)	*	
-	(ARG1*	*	
-	*	*	
-	*	*	
-	*	*	
-	*	*	
-	*	*	
-	*	*	
-	*	*	
-	*	*	
-	*	*	
-	*	*	
-	*	*	
-	*	*	
-	*)	*	
-	*	*	
-	*	*	
-	*	*	
-	*	*	
-	*	*	
V	*	(V*)	
-	*	(ARG1*	
-	*	*	
-	*	*)	
-	*	*	

-	

V	(V*)	
-	*	

-	(ARG1*)	*	*	*	*	*	
-	(ARGM-MOD*)	*	*	*	*	*	
V	(V*)	*	*	*	*	*	
V	(ARG2*	(V*)	*	*	*	*	
-	*	(ARG1*	*	*	*	*	
V	*	*	(V*)	*	*	*	
-	*	*	(ARG1*	*	*	*	
-	*	*	*	*	*	*	
-	*	*	*	*	*	*	
-	*	*	*	*	*	*	
-	*	*	*	*	*	*	
-	*	*	*	*	*	*	
V	*	*	*	(V*)	*	*	
-	*	*	*	(ARG1*	*	*	
-	*	*	*	*	*	*	
-	*)	*	*	*	*	*	
-	(ARG1*	*	*	*	*	*	
V	*	*	*	*	(V*)	*	
-	*	*	*	*	(ARG1*	*	
-	*	*	*	*	*)	*	
-	*	*	*	*	*	*	
V	*	*	*	*	*	(V*)	
-	*	*	*	*	*	(ARG1*	
-	*	*	*	*	*	*	
-	*)	*)	*)	*)	*	*)	
-	*	*	*	*	*	*	

-	
-	

-	
-	
-	
-	
-	
-	
-	
-	
-	
-	
-	
-	
-	
-	
-	
-	
-	
-	
-	
-	
-	
-	
-	
-	

V	(V*)	

-	*	(ARG0*)	*	*	*	
V	(V*)	*	*	*	*	
V	*	(V*)	*	*	*	
-	*	(ARG1*	*	*	*	
-	*	*)	*	*	*	
-	*	(ARG1*	*	*	*	
-	*	*	*	*	*	
-	*	*	*	*	*	
-	(ARG1*	*	*	*	*	
-	*	*	*	*	*	
-	*	*	*	*	*	
-	*	*	*	*	*	
-	*)	*)	*	*	*	
-	*	*	*	*	*	
V	*	*	(V*)	*	*	
-	*	*	*	(ARGM-NEG*)	*	
V	*	*	*	(V*)	*	
-	*	*	*	(ARG1*	*	
V	*	*	*	*	(V*)	
-	*	*	*	*	(ARG1*	
-	*	*	*	*	*	
-	*	*	*	*	*	
-	*	*	*	*	*	
-	*	*	*	*	*	
-	*	*	*	*	*	
-	*	*	*	*)	*)	
-	(ARG1*)	*	*	*	*	
-	(ARG1*)	*	*	*	*	
-	*	*	*	*	*	

-	*	(ARG0*)	*	
V	(V*)	*	*	
V	*	(V*)	*	
-	*	(ARG1*	*	
-	*	*	*	
-	*	*	*	
-	*	*	*	
-	(ARG1*	*	(ARG0*	
-	*	*	*	
-	*	*	*)	
-	*	*	(R-ARG0*)	
V	*)	*)	(V*)	
-	*	*	*	
-	*	*	(ARGM-LOC*)	
-	*	*	*	

-	(ARG0*)	*	*	
V	(V*)	*	*	
-	(ARG1*	(ARG0*)	*	
V	*	(V*)	*	
-	*	(ARG1*	*	
-	*	*	*	
-	*	*	*	
V	*	*	(V*)	
-	*	*	(ARG1*	
-	*	*	*	
-	*)	*)	*)	
-	*	*	*	

-	*	
-	*	
V	(V*)	
-	(ARG1*	
-	*	
-	*	
-	*)	
-	(ARG1*)	
-	*	
-	*	
-	*	
-	*	
-	*	

-	(ARG0*)	
-	(ARGM-MOD*)	
V	(V*)	
-	(ARG1*)	
-	*	

-	*	(ARG0*)	*	*	*	*	*	*	*	
V	(V*)	(ARGM-ADV*)	*	*	*	*	*	*	*	
V	*	(V*)	*	*	*	*	*	*	*	
-	*	(ARG1*	*	*	*	*	*	*	*	
-	*	*	*	*	*	*	*	*	*	
-	*	*	*	*	*	*	*	*	*	
-	*	*)	*	*	*	*	*	*	*	
-	*	*	*	*	*	*	*	*	*	
-	*	*	*	*	*	*	*	*	*	
-	*	*	*	*	*	*	*	*	*	
-	*	*	*	*	*	*	*	*	*	
-	*	*	*	*	*	*	*	*	*	
-	*	*	*	*	*	*	*	*	*	
-	*	*	*	*	*	*	*	*	*	
-	*	*	*	*	*	*	*	*	*	
-	*	*	*	*	*	*	*	*	*	
-	*	*	*	*	*	*	*	*	*	
V	*	*	(V*)	*	*	*	*	*	*	
-	*	*	*	*	*	*	*	*	*	
-	*	*	*	*	*	*	*	*	*	
-	*	*	*	*	*	*	*	*	*	
-	*	*	*	*	*	*	*	*	*	
-	*	*	*	*	*	*	*	*	*	
-	*	*	*	*	*	*	*	*	*	
-	*	*	*	*	*	*	*	*	*	
-	*	*	*	*	*	*	*	*	*	
-	*	*	*	*	*	*	*	*	*	
-	*	*	*	*	*	*	*	*	*	
-	*	*	*	*	*	*	*	*	*	
-	*	*	*	*	*	*	*	*	*	
V	*	*	*	(V*)	*	*	*	*	*	
-	*	*	*	(ARG1*	*	*	*	*	*	
-	*	*	*	*	*	*	*	*	*	
-	*	*	*	*)	*	*	*	*	*	
-	*	*	*	*	*	*	*	*	*	
-	*	*	*	*	*	*	*	*	*	
-	*	*	*	*	*	*	*	*	*	
-	*	*	*	*	*	*	*	*	*	
-	*	*	*	*	*	*	*	*	*	
-	*	*	*	*	(ARG1*	*	*	*	*	
-	*	*	*	*	*	*	*	*	*	
-	*	*	*	*	*)	*	*	*	*	
V	*	*	*	*	(V*)	*	*	*	*	
-	*	*	*	*	*	*	*	*	*	
-	*	*	*	*	(ARG2*)	*	*	*	*	
-	*	*	*	*	*	*	(ARGM-LVB*	*	*	
V	*	*	*	*	*	(V*)	*)	*	*	
-	*	*	*	*	*	(ARG1*	*	*	*	
V	*	*	*	*	*	*	(V*)	*	*	
-	*	*	*	*	*	*	*	*	*	
-	*	*	*	*	*	*	*	*	*	
-	*	*	*	*	*	*)	*	*	*	
-	*	*	*	*	*	*	*	*	*	
-	*	*	*	*	*	*	*	(ARG1*)	*	
V	*	*	*	*	*	*	*	(V*)	*	
-	*	*	*	*	*	*	*	*	*	
V	*	*	*	*	*	*	*	(ARG2*	(V*)	
-	*	*	*	*	*	*	*	*	*	
-	*	*	*	*	*	*	*	*	*	
-	*	*	*	*	*	*	*	*	*	
-	*	*	*	*	*	*	*	*	*	
-	*	*	*	*	*	*	*	*)	*	
-	*	*	*	*	*	*	*	*	*	

V	(V*)	*	*	
-	*	*	*	
-	(ARG1*	*	*	
-	*	*	*	
-	*)	*	*	
-	*	*	*	
-	*	*	*	
-	*	*	(ARG1*)	
-	*	(ARGM-MOD*)	*	
V	*	(V*)	*	
-	*	(ARG2*	*	
V	*	*)	(V*)	
-	*	*	*	

-	

-	*	*	*	
-	(ARG0*)	*	*	
V	(V*)	*	*	
-	(ARG1*	(ARG0*	*	
-	*	*)	*	
V	*)	(V*)	*	
-	(ARG1*	*	(ARG0*	
-	*	*	*	
-	*	*	*	
-	*	*	*	
-	*	*	*)	
-	*	*	(R-ARG0*)	
V	*)	*	(V*)	
-	*	*	*	
-	*	*	*	
-	*	*	*	
-	*	*	(ARG1*	
-	*	*	*)	
-	*	*	*	
-	*	*	*	
-	*	*	(ARG1*)	
-	*	*	(ARGM-LOC*	
-	*	*	*	
-	*	*	*	
-	*	*	*	
-	*	*	*)	
-	*	*	*	

-	*	*	*	*	(ARG2*	
-	*	*	*	*	*)	
-	*	*	*	*	*	
-	*	*	*	*	*	
-	*	*	*	*	*	
-	*	(ARG1*)	*	*	*	
V	(V*)	*	*	*	*	
V	*	(V*)	*	*	*	
-	*	*	*	*	*	
V	*	*	(V*)	*	*	
-	*	*	*	*	*	
-	*	*	*	*	*	
-	*	*	*	*	(ARG0*)	
V	*	*	*	(V*)	(ARGM-DIS*)	
V	*	*	*	*	(V*)	
-	*	*	*	*	*	
-	*	*	*	*	(ARG1*	
-	*	*	*	*	*)	
-	*	*	*	*	*	

-	

-	*	*	*	
-	(ARG0*)	*	*	
V	(V*)	*	*	
-	*	(ARGM-ADV*)	*	
-	*	(ARG1*)	*	
V	*	(V*)	*	
-	*	(ARG2*	*	
-	*	*	*	
V	*	*)	(V*)	
-	*	(ARG2*	*	
-	*	*	*	
-	*	*	*	
-	*	*	*	
-	*	*	*	
-	*	*)	*	
-	*	*	*	

-	(ARG0*)	*	*	*	
V	(V*)	*	*	*	
-	(ARG1*	*	*	*	
-	*	*	*	*	
-	*	*	*	*	
-	*)	*	*	*	
-	(ARG1*	*	*	*	
-	*	*	*	*	
-	*	*	*	*	
-	*	*	*	*	
V	*	(V*)	*	*	
V	*)	*	(V*)	*	
-	*	*	*	(ARG1*	
-	*	*	*	*	
-	*	*	*	*	
-	*	*	*	*	
-	*	*	*	*	
-	*	*	*	*	
-	*	*	*	*)	
-	*	*	*	*	
-	*	*	*	*	
-	*	*	*	*	
-	*	*	*	*	
-	(ARGM-EXT*)	*	*	*	
-	*	*	*	(ARG2*)	
-	*	*	*	*	
-	*	*	*	*	
-	*	*	*	*	
-	*	*	*	(ARG0*)	
-	*	*	*	(ARGM-MOD*)	
V	*	*	*	(V*)	
-	*	*	*	*	
-	*	*	*	(ARG2*)	
-	*	*	*	*	

-	(ARGM-DIS*)	*	*	*	*	*	*	
V	(V*)	*	*	*	*	*	*	
-	(ARG1*)	*	*	*	*	*	*	
V	(ARG1*	(V*)	*	*	*	*	*	
-	*	(ARG1*	*	(ARG1*	*	*	*	
V	*	*	(V*)	*)	*	*	*	
-	*	*	*	(ARG0*)	*	*	*	
-	*	*	*	(ARGM-MOD*)	*	*	*	
V	*	*	*	(V*)	*	*	*	
-	*	*	*	*	*	(ARG1*	*	
V	*	*	*	*	(V*)	*)	*	
-	*	*	*	(ARG1*)	*	*	*	
-	*	*	*	(ARG1*	*	*	*	
V	*	*	*	*	*	(V*)	*	
-	*	*	*	*	*	(ARG1*	*	
-	*	*	*	*	*	*	(ARG0*)	
-	*	*	*	*	*	*	(ARGM-MOD*)	
V	*	*	*	*	*	*	(V*)	
-	*)	*)	*	*)	*	*)	(ARGM-TMP*)	
-	*	*	*	*	*	*	*	

V	(V*)	

-	
-	

V	(V*)	*	
-	(ARG1*)	*	
-	(ARG1*)	*	
-	*	*	
-	(ARG1*)	*	
-	*	*	
-	*	(ARG0*)	
V	*	(V*)	
-	*	(ARG1*)	

-	
-	
-	

V	(V*)	
-	(ARG0*	
-	*	
-	*	
-	*)	

-	
-	
-	

-	(ARGM-DIS*)	*	*	*	
V	(V*)	*	*	*	
-	(ARG1*	*	*	*	
-	*	*	*	*	
V	*)	(V*)	*	*	
-	*	*	*	*	
V	*	*	(V*)	*	
-	*	*	(ARG1*	*	
-	*	*	*	*	
-	*	*	*	*	
V	*	*	*	(V*)	
-	*	*	*	*	
-	*	*	*	*	
-	*	*	*)	*	
-	*	*	*	*	

-	(ARGM-MOD*)	
V	(V*)	
-	(ARG2*)	
-	*	

-	
-	
-	

V	(V*)	
-	(ARG0*	
-	*	
-	*	
-	*)	

-	
-	
-	

-	(ARGM-DIS*)	*	*	
V	(V*)	*	*	
-	(ARG1*	*	*	
-	*	*	*	
-	*	*	*	
V	*	(V*)	*	
V	*)	*	(V*)	
-	*	*	*	

V	(V*)	*	
-	(ARG1*	*	
-	*	(ARG0*)	
V	*	(V*)	
-	*	(ARG1*	
-	*)	*)	
-	*	*	

V	(V*)	
-	(ARG1*)	
-	*	

-	
-	

-	
-	
-	

-	*	*	
-	*	*	
-	(ARG1*)	*	
V	(V*)	*	
V	*	(V*)	
-	*	(ARG1*	
-	*	*)	
-	*	*	

-	
-	

-	*	(ARG1*	
-	*	*)	
-	*	(ARG2*)	
V	(V*)	*	
-	*	*	
V	*	(V*)	

-	*	*	(ARG1*	*	*	*	*	*	
V	(V*)	*	*)	*	*	*	*	*	
V	*	(V*)	*	*	*	*	*	*	
V	*	*	(V*)	*	*	*	*	*	
-	*	*	(ARG1*	*	*	*	*	*	
-	*	*	*	(ARG0*)	*	*	*	*	
V	*	*	*	(V*)	*	*	*	*	
-	*	*	*	*	*	*	*	*	
V	*	*	*	*	(V*)	*	*	*	
-	*	*	*	*	*	*	*	*	
-	*	*	*	*	(ARG1*	(ARG0*	*	*	
-	*	*	*	*	*	*)	*	*	
V	*	*	*	*	*	(V*)	*	*	
-	*	*	*	*	*	(ARG1*	*	*	
-	*	*	*	*	*	*	*	*	
V	*	*	*	*	*	*)	(V*)	*	
-	*	*	*	*	*	(ARGM-PRP*	*	*	
V	*	*	*	*	*	*	*	(V*)	
-	*	*	*)	*	*)	*)	*	(ARG1*)	
-	*	*	*	*	*	*	*	*	

V	(V*)	*	*	*	
-	*	*	*	*	
-	*	(ARG0*)	*	(ARG1*	
V	*	(V*)	*	*	
-	*	(ARG1*	(ARG0*)	*	
V	*	*	(V*)	*	
-	*	*	(ARG1*	*	
-	*	*	*	*	
-	*	*)	*)	*)	
V	*	*	*	(V*)	

-	*	(ARG0*)	
V	(V*)	*	
-	*	*	
V	*	(ARG1*)	
-	*	*	
-	*	(ARG1*	
-	*	*)	
-	*	*	
-	*	(ARGM-TMP*)	

-	
-	

-	
-	
-	

-	
-	

-	
-	
-	

V	(V*)	*	*	*	*	*	*	
V	(ARG1*	(V*)	*	*	*	*	*	
-	*	*	*	*	*	*	*	
-	*	*	*	*	*	*	*	
-	*	*	*	*	*	*	*	
-	*	*	*	*	*	*	*	
-	*	*	*	*	*	*	*	
-	*	*	*	*	*	*	*	
-	*	*	(ARG1*)	*	*	*	*	
V	*)	*	(V*)	*	*	*	*	
-	*	*	*	*	*	*	*	
V	*	*	*	(V*)	*	*	*	
V	*	*	*	*	(V*)	*	*	
-	*	*	*	*	(ARG1*	*	*	
V	*	*	*	*	*)	(V*)	*	
-	*	*	*	*	(ARG2*	*	*	
-	*	*	*	*	*	*	*	
-	*	*	*	*	*	*	*	
V	*	*	*	*	*)	*	(V*)	
-	*	*	*	*	*	*	*	
-	*	*	*	*	*	*	*	
-	*	*	*	*	*	*	*	
-	*	*	*	*	*	*	*	
-	*	*	*	*	*	*	*	
-	*	*	*	*	*	*	*	
-	*	*	*	*	*	*	*	
-	*	*	*	*	*	*	*	
-	*	*	*	*	*	*	(ARG1*)	
-	*	*	*	*	*	*	*	
-	*	*	*	*	*	*	*	
-	*	*	*	*	*	*	*	
-	*	*	*	*	*	*	*	
-	*	*	*	*	*	*	*	
-	*	*	*	*	*	*	*	
-	*	*	*	*	*	*	*	
-	*	*	*	*	*	*	*	
-	*	*	*	*	*	*	*	
-	*	*	*	*	*	*	*	
-	*	*	*	*	*	*	*	
-	*	*	*	*	*	*	*	
-	*	*	*	*	*	*	*	
-	*	*	*	*	*	*	*	
-	*	*	*	*	*	*	*	
-	*	*	*	*	*	*	*	

-	*	(ARG1*	*	*	*	*	*	*	
-	*	*)	*	*	*	*	*	*	
-	*	*	*	*	*	*	*	*	
-	*	*	*	*	*	*	*	*	
-	*	(ARG1*)	*	*	*	*	*	*	
V	(V*)	*	*	*	*	*	*	*	
V	*	(V*)	*	*	*	*	*	*	
-	*	(ARG2*	*	*	*	*	*	*	
-	*	*	*	*	*	*	*	*	
-	*	*	*	*	*	*	*	*	
-	*	*	*	*	*	*	*	*	
-	*	*	*	*	*	*	*	*	
-	*	*	*	*	*	*	*	*	
-	*	*	*	*	*	*	*	*	
-	*	*	*	*	*	*	*	*	
-	*	*	*	*	*	*	*	*	
-	*	*	*	*	*	*	*	*	
-	*	*	*	*	*	*	*	*	
-	*	*	*	*	*	*	*	*	
V	*	*	(V*)	*	*	*	*	*	
V	*	*	*	(V*)	*	*	*	*	
-	*	*	*	(ARG1*	*	*	*	*	
V	*	*	*	*	(V*)	*	*	*	
-	*	*	*	*	*	*	*	*	
-	*	*	*	*	*	*	*	*	
-	*	*	*	*	*	*	*	*	
-	*	*	*	*	*	*	*	*	
-	*	*	*	*	*	*	*	*	
-	*	*	*	*)	*	*	*	*	
-	*	*	*	*	*	*	*	*	
-	*	*	*	*	(ARG1*	*	*	*	
-	*	*	*	*	*)	*	*	*	
-	*	*)	*	*	*	*	*	*	
-	*	*	*	*	*	*	*	*	
V	*	*	*	*	*	(V*)	*	*	
-	*	*	*	*	*	*	*	*	
-	*	*	*	*	*	(ARG1*)	*	*	
-	*	*	*	*	*	*	*	*	
-	*	*	*	*	*	*	*	*	
-	*	*	*	*	*	*	*	*	
-	*	*	*	*	*	*	*	(ARG1*	
-	*	*	*	*	*	*	*	*)	
V	*	*	*	*	*	*	(V*)	(ARGM-MOD*)	
V	*	*	*	*	*	*	*	(V*)	
-	*	*	*	*	*	*	*	*	
-	*	*	*	*	*	*	*	*	
-	*	*	*	*	*	*	*	(ARG2*	
-	*	*	*	*	*	*	*	*)	
-	*	*	*	*	*	*	*	*	

-	*	(ARGM-ADV*	*	*	*	*	*	*	*	*	*	
-	(ARG0*)	*	*	*	*	*	*	*	*	*	*	
V	(V*)	*	*	*	*	*	*	*	*	*	*	
-	(ARG1*	*	*	*	*	*	*	*	*	*	*	
-	*)	*)	*	*	*	*	*	*	*	*	*	
-	*	*	*	*	*	*	*	*	*	*	*	
-	*	*	*	*	*	*	*	*	*	*	*	
-	*	(ARG1*	*	*	*	*	*	*	*	*	*	
-	*	*	*	*	*	*	*	*	*	*	*	
-	*	*)	*	*	*	*	*	*	*	*	*	
-	*	*	*	*	*	*	*	*	*	*	*	
V	*	(V*)	*	*	*	*	*	*	*	*	*	
-	*	*	*	*	*	*	*	*	*	*	*	
V	*	*	(V*)	*	*	*	*	*	*	*	*	
-	*	(ARG1*	*	*	*	*	*	*	*	*	*	
-	*	*	*	*	*	*	*	*	*	*	*	
-	*	*	*	*	*	*	*	*	*	*	*	
-	*	*	*	*	*	*	*	*	*	*	*	
-	*	*)	*	*	*	*	*	*	*	*	*	
V	*	*	*	(V*)	*	*	*	*	*	*	*	
-	*	*	*	*	(ARG1*	*	*	*	*	*	*	
-	*	*	*	*	*	*	*	*	*	*	*	
-	*	*	*	*	*	*	*	*	*	*	*	
-	*	*	*	*	*	*	*	*	*	*	*	
-	*	*	*	*	*	*	*	*	*	*	*	
-	*	*	*	*	*	*	*	*	*	*	*	
-	*	*	*	*	*)	*	*	*	*	*	*	
-	*	*	*	*	*	*	*	*	*	*	*	
-	*	*	*	*	(ARG0*)	*	*	*	*	*	*	
V	*	*	*	*	(V*)	*	*	*	*	*	*	
-	*	*	*	*	(ARG1*	*	*	*	*	*	*	
-	*	*	*	*	*	(ARG0*)	*	*	*	*	*	
-	*	*	*	*	*	(ARGM-MOD*)	*	*	*	*	*	
V	*	*	*	*	*	(V*)	*	*	*	*	*	
-	*	*	*	*	*	(ARG1*	*	*	*	*	*	
-	*	*	*	*	*	*	*	*	*	*	*	
-	*	*	*	*	*	*	*	*	*	*	*	
-	*	*	*	*	*	*	*	*	*	*	*	
V	*	*	*	*	*	*	(V*)	*	*	*	*	
V	*	*	*	*	*	*	*	(V*)	*	*	*	
-	*	*	*	*	*	*	*	(ARG1*	*	*	*	
-	*	*	*	*	*	*	*	*	*	*	*	
-	*	*	*	*	*	*	*	*	(ARGM-ADJ*)	*	*	
V	*	*	*	*	*	*	*	*)	(V*)	*	*	
-	*	*	*	*	*	*	*	(ARGM-TMP*	*	*	*	
-	*	*	*	*	*	*	*	*)	*	*	*	
V	*	*	*	*	*	*	*	(ARGM-TMP*	*	(V*)	*	
V	*	*	*	*	*	*	*	*	*	*	(V*)	
-	*	*	*	*	*	*	*	*	*	*	(ARG1*	
-	*	*	*	*	*	*	*	*	*	*	*	
-	*	*	*	*	*	*	*	*	*	*	*	
-	*	*	*	*	*	*	*	*)	*	*	*)	
-	*	*	*	*	*)	*)	*	*	*	*	*	
-	*	*	*	*	*	*	*	*	*	*	*	

-	(ARG0*)	*	*	*	*	*	*	
V	(V*)	*	*	*	*	*	*	
-	(ARG1*	*	*	*	*	*	*	
V	*	(V*)	*	*	*	*	*	
-	*	(ARG1*	*	*	*	*	*	
-	*	*	*	*	*	*	*	
-	*	*	*	*	*	*	*	
-	*	*	*	*	*	*	*	
-	*)	*	*	*	*	*	*	
-	(ARG1*	*	*	*	(ARG0*	*	*	
-	*	*	*	*	*	*	*	
V	*)	*)	(V*)	*	*)	*	*	
-	*	*	*	*	(R-ARG0*)	*	*	
-	*	*	*	*	*	*	*	
V	*	*	*	(V*)	*	*	*	
V	*	*	*	*	(V*)	*	*	
-	*	*	*	*	(ARG1*	*	*	
-	*	*	*	*	*)	*	*	
-	*	*	*	*	*	*	*	
-	*	*	*	*	*	*	(ARG1*)	
-	*	*	*	(ARG2*	*	*	*	
V	*	*	*	*)	*	(V*)	*	
-	*	*	*	*	*	*	(ARG0*	
-	*	*	*	*	*	*	*	
-	*	*	*	*	*	*	*)	
-	*	*	*	*	*	*	(ARG0*)	
V	*	*	*	*	*	*	(V*)	
-	*	*	*	*	*	*	*	
-	*	*	*	*	*	*	*	
-	*	*	*	*	*	*	(ARG1*)	
-	*	*	*	*	*	*	*	

-	(ARG0*)	
-	(ARGM-MOD*)	
V	(V*)	
-	(ARG1*	
-	*	
-	*	
-	*	
-	*	
-	*)	
-	(ARG2*)	
-	(ARGM-TMP*	
-	*)	
-	*	

-	(ARGM-DIS*)	*	*	*	*	*	
V	(V*)	*	*	*	*	*	
V	(ARG1*)	(V*)	*	*	*	*	
-	(ARG1*	*	*	*	*	*	
V	*	*	(V*)	*	*	*	
-	*	*	(ARG1*	*	*	*	
-	*	*	*	*	*	*	
V	*	*	*	(V*)	*	*	
-	*	*	*	*	*	*	
-	*	*	*	(ARG1*)	*	*	
V	*	*	*	(ARG1*	(V*)	*	
-	*	*	*	*	(ARG1*	*	
V	*	*	*	*	*	(V*)	
-	*	*	*	*	*	(ARG1*	
-	*)	*	*	*	*	*	
-	(ARG0*)	*	*	*	*	*	
-	*	*	*)	*)	*)	*)	
-	*	*	*	*	*	*	

V	(V*)	
-	(ARG1*)	
-	*	

-	
-	
-	

-	
-	
-	

-	
-	
-	
-	

-	
-	
-	
-	

-	

-	
-	

-	
-	
-	

-	
-	

-	
-	
-	

-	*	(ARG1*)	*	*	
V	(V*)	*	*	*	
V	*	(V*)	*	*	
-	*	*	*	*	
V	*	*	(V*)	*	
-	*	(ARG1*	*	*	
-	*	*	*	*	
-	*	*	*	*	
-	*	*	*	*	
-	*	*	*	*	
-	*	*	*	*	
-	*	*	*	*	
-	*	*)	*	*	
V	*	*	*	(V*)	
-	*	*	*	(ARG1*	
-	*	*	*	*	
-	*	*	*	*	
-	*	*	*	*)	
-	*	*	*	*	
-	*	*	*	*	

-	(ARG1*	
-	*	
-	*	
-	*	
-	*	
-	*	
-	*)	
-	*	
V	(V*)	
-	(ARG2*	
-	*	
-	*	
-	*)	
-	*	

-	(ARG0*)	*	*	
V	(V*)	*	*	
V	(ARG1*	(V*)	*	
-	*	(ARG1*	*	
-	*	*)	*	
-	*	(ARG1*	*	
V	*	*	(V*)	
-	*)	*)	(ARG2*)	
-	*	*	*	
-	*	*	(ARG1*)	
-	*	*	(ARG1*)	
-	*	*	(ARG2*)	
-	*	*	*	

-	*	
-	*	
-	(ARG1*)	
-	*	
V	(V*)	
-	(ARG2*)	
-	*	
-	*	
-	*	
-	*	
-	*	
-	*	
-	*	
-	*	
-	*	
-	*	
-	*	
-	*	
-	*	
-	*	
-	*	
-	*	
-	*	
-	*	
-	*	
-	*	

-	

-	(ARG2*)	*	
V	(V*)	*	
-	(ARG1*	*	
-	*	*	
-	*	*	
-	*	*	
-	*	*	
-	*)	*	
V	*	(V*)	
-	*	*	
-	*	*	

-	(ARG0*)	
V	(V*)	
-	(ARG2*)	
-	*	

-	*	*	*	*	*	*	*	*	
-	*	*	*	*	*	*	*	*	
-	(ARG0*)	*	*	*	*	*	*	*	
-	(ARG0*)	*	*	*	*	*	*	*	
V	(V*)	*	*	*	*	*	*	*	
-	*	*	*	*	*	*	*	*	
-	(ARG1*	*	*	*	*	*	*	*	
-	*	*	*	*	*	*	*	*	
V	*)	(V*)	*	*	*	*	*	*	
-	*	*	*	*	*	*	*	*	
-	*	*	*	*	*	*	*	*	
-	(ARG1*	*	*	(ARG1*)	*	*	*	*	
-	*	*	*	*	*	*	*	*	
V	*	*	(V*)	*	*	*	*	*	
V	*	*	*	(V*)	*	*	*	*	
-	*)	*	*	*	*	*	*	*	
-	*	*	*	*	*	*	*	*	
-	*	*	*	(ARG1*)	*	*	*	*	
-	*	*	*	*	*	*	*	*	
-	*	*	*	*	*	*	*	*	
-	*	*	*	*	*	*	*	*	
-	*	*	*	*	*	*	(ARG1*)	*	
-	*	*	(ARG2*	*	*	*	*	*	
-	*	*	*	*	*	*	*	*	
-	*	*	*	*	*	*	*	*	
-	*	*	*	*	*	*	*	*	
-	*	*	*	*	*	*	*	*	
-	*	*	*)	*	*	*	*	*	
V	*	*	*	*	(V*)	*	*	*	
V	*	*	*	*	*	(V*)	*	*	
-	*	*	*	*	*	*	*	*	
V	*	*	*	*	*	*	(V*)	*	
-	*	*	*	*	*	*	*	*	
-	*	*	*	*	*	(ARG1*)	*	*	
-	*	*	*	*	*	*	*	*	
-	*	*	*	*	*	*	*	*	
-	*	*	*	*	*	*	*	*	
-	*	*	*	*	*	*	*	*	
-	*	*	*	*	*	(ARGM-LOC*)	*	*	
-	*	*	*	*	*	*	*	*	
V	*	*	*	*	*	*	*	(V*)	
-	*	*	*	*	*	*	*	*	

-	

-	*	*	*	
-	(ARG1*)	*	*	
V	(V*)	*	*	
-	*	*	*	
-	*	*	*	
V	*	(V*)	*	
-	*	(ARG2*	*	
V	*	*	(V*)	
-	*	*)	*	
-	*	(ARG2*	*	
-	*	*	*	
-	*	*	*	
-	*	*)	*	

V	(V*)	

-	
-	

V	(V*)	
-	(ARG1*)	
-	(ARG1*)	
-	(ARG1*	
-	*)	
-	*	

-	*	*	*	*	
-	(ARG0*)	*	*	*	
-	*	*	*	*	
V	(V*)	*	*	*	
-	*	*	*	*	
V	*	(V*)	*	*	
-	*	(ARG2*)	*	*	
-	*	*	*	*	
V	*	*	(V*)	*	
-	*	*	*	*	
-	*	*	*	*	
-	*	*	*	*	
V	*	(ARGM-LOC*)	*	(V*)	

-	*	*	
V	(V*)	*	
-	*	*	
-	*	*	
-	(ARG1*)	*	
V	*	(V*)	
-	*	*	
-	*	*	
-	*	*	
-	*	*	
-	*	*	
-	*	*	
-	*	*	
-	*	*	

-	(ARG0*)	*	
V	(V*)	*	
V	(ARG1*)	(V*)	
-	(ARG2*	*	
-	*)	*	
-	(ARG1*	*	
-	*)	*	
-	*	*	

V	(V*)	*	
-	*	(ARG0*)	
V	*	(V*)	
-	*	(ARG1*	
-	*	*	
-	*	*	
-	*	*)	
-	(ARG1*	*	
-	*)	*	
-	*	*	

V	(V*)	

-	
-	

-	
-	

V	(V*)	*	*	*	*	*	
-	*	(ARG1*)	*	*	*	*	
V	*	(V*)	*	*	*	*	
-	*	*	*	*	*	*	
V	*	*	(V*)	*	*	*	
V	*	*	(ARG2*	(V*)	*	*	
-	*	*	*	(ARG2*	*	*	
V	*	*	*	*	(V*)	*	
-	*	*	*	*	(ARG1*	*	
-	*	*	*	*	*	*	
-	*	*	*	*	*	*	
V	*	*	*)	*)	*)	(V*)	
-	*	*	*	*	*	*	
-	*	*	*	*	(ARGM-TMP*)	*	
-	*	*	*	*	*	*	

-	

-	
-	

-	*	(ARG0*)	*	*	
V	(V*)	*	*	*	
-	*	(ARGM-NEG*)	*	*	
V	*	(V*)	*	*	
-	*	(ARG1*	*	*	
-	*	*	*	*	
-	*	*	*	*	
-	*	*	*	*	
-	*	*	*	*	
-	*	*	*	*	
-	*	*)	*	*	
-	*	*	(ARG0*)	*	
V	*	*	(V*)	*	
-	*	*	(ARG1*	*	
-	*	*	*	*	
-	*	*	*)	*	
-	*	*	(ARG2*	*	
V	*	*	*)	(V*)	
-	*	*	*	*	
-	*	*	*	(ARG1*	
-	*	*	*	*	
-	*	*	*	*)	
-	*	*	*	*	

-	(ARG1*)	
-	*	
-	(ARG2*)	
-	*	
-	*	
V	(ARG1*)	
-	(ARG1*	
-	*)	
-	*	

-	

-	
-	
-	
-	
-	
-	
-	
-	
-	

-	
-	

-	(ARG0*)	*	*	*	
-	(ARGM-MOD*)	*	*	*	
V	(V*)	*	*	*	
-	(ARG1*	*	*	*	
V	*	(V*)	*	*	
-	*	(ARG1*	*	*	
-	*)	*)	*	*	
-	(ARG0*	*	*	*	
-	*	*	*	*	
-	*	*	*	*	
V	*	*	(V*)	*	
-	*	*	*	(R-ARG0*)	
V	*)	*	*	(V*)	
-	*	*	*	*	
-	*	*	*	(ARG1*)	
-	*	*	*	(ARGM-TMP*)	
-	*	*	*	*	
-	*	*	*	*	
-	*	*	*	*	

-	(ARGM-DIS*)	*	*	*	*	*	*	*	*	
-	*	*	*	*	*	*	*	*	*	
-	(ARG0*)	*	*	*	*	*	*	*	*	
-	(ARGM-MOD*)	*	*	*	*	*	*	*	*	
V	(V*)	*	*	*	*	*	*	*	*	
-	(ARG1*	*	*	*	*	*	*	*	*	
-	*	*	*	*	*	*	*	*	*	
-	*	*	*	*	*	*	*	*	*	
-	*	*	*	*	*	*	*	*	*	
-	*	*	*	*	*	*	*	*	*	
-	*	*	*	*	*	*	*	*	*	
-	*	*	*	*	*	*	*	*	*	
-	*	*	*	*	*	*	*	*	*	
-	*	*	*	*	*	*	*	*	*	
-	*	(ARG0*)	*	*	*	*	*	*	*	
V	*	(V*)	*	*	*	*	*	*	*	
-	*	(ARG1*	*	*	*	*	*	*	*	
V	*	*	(V*)	*	*	*	*	*	*	
-	*	*	(ARG1*	*	*	*	*	*	*	
-	*	*	*	*	*	*	*	*	*	
-	*	*	*	*	*	*	*	*	*	
-	*	*	*	*	*	*	*	*	*	
V	*	*	*	(V*)	*	*	*	*	*	
-	*	*	*	*	*	*	*	*	*	
-	*	*	*	*	(ARG0*)	*	*	*	*	
V	*	*	*	*	(V*)	*	*	*	*	
-	*	*	*	*	(ARG1*	*	*	*	*	
V	*	*	*	*	*	(V*)	*	*	*	
-	*	*	*	*	*	(ARG1*	*	*	*	
-	*	*	*	*	*	*	(ARG1*)	*	*	
-	*	*	*	*	*	*	*	*	*	
V	*	*	*	*	*	*	(V*)	*	*	
-	*	*	*	*	*	*	(ARG1*	*	*	
-	*	*	*	*	*	*	*	*	*	
V	*	*	*	*	*	*	*	(V*)	*	
-	*	*	*	*	*	*	*	*	*	
-	*	*	*	*	*	*	*	(ARG1*	*	
-	*	*	*	*	*	*	*	*	*	
-	*	*	*	*	*	*	*	*	*	
-	*	*	*	*	*	*	*	*	*	
V	*)	*)	*)	*	*)	*)	*)	*)	(V*)	
-	*	*	*	*	*	*	*	*	*	

V	(V*)	
-	*	

-	

-	*	
-	*	
-	*	
-	*	
V	(V*)	
-	*	
-	*	
-	*	
-	*	
-	*	
-	*	
-	*	
-	*	
-	*	
-	*	
-	*	
-	*	
-	*	
-	*	
-	*	
-	*	
-	*	
-	*	
-	*	
-	*	

-	
-	

V	(V*)	*	*	*	*	*	
-	*	*	(ARG0*)	*	*	*	
V	*	(V*)	(ARGM-LVB*)	*	*	*	
-	*	(ARGM-PRR*	*	*	*	*	
V	*	*	(V*)	*	*	*	
-	*	*	(ARG1*	*	*	*	
V	*	*	*	(V*)	*	*	
-	*	*	*	(ARGM-PRR*	*	*	
V	*	*	*	*)	(V*)	*	
-	*	*	*	(ARGM-PRR*	*	*	
-	*	*	*	*	*	*	
-	*	*	*	*	*	*	
-	*	*	*	*	*	(ARG0*)	
V	*	*	*	*	*	(V*)	
-	*	*)	*)	*)	*	(ARG1*)	
-	*	*	*	*	*	*	

-	(ARG0*)	
V	(V*)	
-	(ARG1*	
-	*	
-	*	
-	*	
-	*)	
-	(ARG1*)	
-	(ARGM-TMP*)	
-	*	

-	

-	
-	

-	
-	
-	

-	(ARG0*)	*	
V	(V*)	*	
-	*	*	
-	*	*	
-	*	*	
-	(ARGM-LOC*	*	
-	*	*	
-	*	*	
V	*)	(V*)	
-	(ARGM-LOC*	*	
-	*	*	
-	*	*	
-	*	*	
-	*	*	
-	*)	*	
-	*	*	

-	
-	
-	
-	
-	
-	

-	(ARG0*)	*	
-	(ARGM-DIS*)	*	
V	(V*)	*	
-	(ARG1*)	*	
V	(ARG1*)	(V*)	
-	*	*	

-	

-	

-	
-	

-	
-	
-	

-	*	
-	*	
V	(V*)	
-	*	
-	*	

-	
-	
-	

-	*	(ARG1*	*	*	*	
-	*	*	*	*	*	
-	*	*	*	*	*	
V	(V*)	*)	*	*	*	
V	*	(V*)	*	*	*	
V	*	(ARG1*	(V*)	*	*	
-	*	*	*	*	*	
V	*	*	*	(V*)	*	
-	*	*	*	*	*	
V	*	*	*	*	(V*)	
-	*	*	*	*	*	
-	*	*	*	*	*	
-	*	*	*	*	*	
-	*	*	*	*	*	
-	*	*	*	*	*	
-	*	*	*	(ARG1*)	*	
-	*	*	*	*	*	
-	*	*	*	*	*	
-	*	*	*	*	*	
-	*	*	*	*	*	
-	*	*	*	*	*	
-	*	*	*	*	*	
-	*	*)	*	*	*	
-	*	*	*	*	*	

-	(ARG0*)	*	*	
-	(ARGM-MOD*)	*	*	
V	(V*)	*	*	
-	(ARG1*	*	*	
V	*	(V*)	*	
-	*	(ARG1*)	*	
-	*	(ARG2*	*	
-	*	*	*	
-	*)	*)	*	
-	*	*	*	
-	*	*	*	
-	*	*	*	
-	*	*	*	
-	*	*	*	
V	*	*	(V*)	
-	*	*	(ARG1*	
-	*	*	*)	
-	*	*	(ARGM-LOC*	
-	*	*	*	
-	*	*	*	
-	*	*	*)	
-	*	*	*	

-	*	(ARGM-ADV*	
-	*	*	
-	*	*)	
-	*	(ARG0*	
-	*	*	
V	(V*)	*)	
-	*	(ARGM-MOD*)	
V	*	(V*)	
-	*	(ARG1*)	
-	*	(ARG1*	
-	*	*	
-	*	*)	
-	*	*	

-	

-	
-	

-	
-	

V	(V*)	
-	(ARGM-EXT*	
-	*)	
-	*	

-	*	*	*	*	
-	*	*	*	*	
V	(V*)	*	*	*	
-	*	*	*	*	
-	*	*	(ARG0*)	*	
V	*	(V*)	(ARGM-MOD*)	*	
-	*	*	(ARGM-NEG*)	*	
V	*	*	(V*)	*	
-	*	*	(ARG1*	*	
-	*	*	*	*	
-	*	*	*	*	
-	*	*	*	*	
-	*	*	*	*	
-	*	*	*	*	
-	*	*	*	*	
-	*	*	*	*	
-	*	*	*	*	
V	*	*	*)	(V*)	
-	*	*	*	*	

-	*	*	*	*	
-	*	*	*	*	
V	(V*)	*	*	*	
V	(ARG1*)	(V*)	*	*	
-	(ARG1*	*	*	*	
-	*	*	*	(ARG0*)	
V	*	*	(V*)	(ARGM-MOD*)	
V	*)	*	*	(V*)	
-	*	*	*	*	

-	*	
-	*	
-	*	
-	(ARG1*)	
V	(V*)	
-	(ARG2*)	
-	*	

-	(ARG0*)	*	
-	(ARGM-MOD*)	*	
V	(V*)	*	
-	*	*	
-	(ARG1*	*	
V	*)	(V*)	
-	(ARGM-TMP*)	*	
-	*	*	

-	

-	
-	
-	
-	
-	
-	
-	
-	
-	

-	(ARGM-DIS*)	
V	(V*)	
-	(ARG1*	
-	*	
-	*	
-	*	
-	*	
-	*)	

-	
-	
-	

-	*	*	*	*	*	*	
V	(V*)	*	*	*	*	*	
-	*	(ARG1*)	*	*	*	*	
V	*	(V*)	*	*	*	*	
V	*	(ARG2*)	(V*)	*	*	*	
-	*	*	*	*	*	*	
-	*	*	*	(ARG0*)	*	*	
V	*	*	*	(V*)	*	*	
-	*	*	*	(ARG1*	*	*	
-	*	*	*	*)	*	*	
-	*	*	*	(ARG2*	*	*	
-	*	*	*	*	*	*	
V	*	*	*	*	(V*)	*	
-	*	*	*	*	*	*	
V	*	*	*	*)	*	(V*)	
-	*	*	*	*	*	*	

-	
-	

-	

-	

-	
-	
-	
-	
-	
-	
-	
-	
-	
-	
-	
-	
-	
-	
-	
-	
-	
-	
-	
-	

-	

-	
-	

-	
-	

-	*	(ARG0*)	*	*	
V	(V*)	*	*	*	
V	*	(V*)	*	*	
-	*	(ARG1*	*	*	
-	*	*	*	*	
-	*	*)	*	*	
-	*	*	*	*	
-	*	*	(ARG1*)	*	
V	*	*	(V*)	*	
V	*	*	(ARG2*)	(V*)	
-	*	*	*	*	

-	*	*	*	*	*	
-	*	*	*	*	(ARG1*	
-	(ARG0*)	*	*	*	*	
-	(ARGM-MOD*)	*	*	*	*	
-	(ARGM-NEG*)	*	*	*	*	
V	(V*)	*	*	*	*	
-	(ARG1*)	*	*	*	*	
-	(ARGM-TMP*)	*	*	*	*)	
-	*	*	*	*	*	
-	(ARGM-TMP*)	*	*	*	*	
-	*	*	*	*	*	
-	*	(ARG1*)	*	*	*	
-	*	(ARGM-MOD*)	*	*	*	
V	*	(V*)	*	*	*	
V	*	(ARG2*)	(V*)	*	*	
-	(ARG1*	*	*	*	*	
V	*	*	*	(V*)	*	
-	*	*	*	(ARG1*)	*	
-	*	*	*	(ARG1*	*	
V	*	*	*	*)	(V*)	
-	*	*	*	(ARG2*	*	
-	*	*	*	*	*	
-	*	*	*	*	*	
-	*	*	*	*	*	
-	*	*	*	*	*	
-	*)	*	*	*)	*	
-	*	*	*	*	*	

-	(ARGM-DIS*)	*	*	
-	(ARGM-DIS*)	*	*	
V	(V*)	*	*	
-	(ARG1*)	*	*	
-	*	*	*	
-	*	*	*	
V	*	(V*)	*	
-	*	(ARG1*	*	
-	*	*)	*	
-	*	(ARG2*	*	
-	*	*	*	
V	*	*)	(V*)	
-	*	*	*	

-	
-	
-	
-	

-	
-	
-	

-	

-	
-	
-	

-	
-	
-	

-	
-	

-	*	(ARG0*)	*	
V	(V*)	*	*	
V	*	(V*)	*	
-	*	(ARG1*	*	
-	*	*)	*	
-	*	*	*	
V	*	*	(V*)	
-	*	*	(ARG1*	
-	*	*	*)	
-	*	*	(ARG2*	
-	*	*	*	
-	*	*	*	
-	*	*	*)	
-	*	*	*	

-	

-	
-	
-	
-	
-	
-	
-	
-	
-	

-	
-	

-	*	(ARG1*	*	*	*	
V	(V*)	*)	*	*	*	
-	*	*	*	*	*	
V	*	(V*)	*	*	*	
-	*	(ARG1*	*	*	*	
-	*	*)	*	*	*	
V	*	*	(V*)	*	*	
-	*	*	*	*	*	
-	*	*	(ARG1*)	*	*	
-	*	*	*	*	*	
-	*	*	*	*	*	
-	*	*	*	*	*	
V	*	*	*	(V*)	*	
V	*	*	*	*	(V*)	
-	*	*	*	*	*	

-	(ARG0*)	*	*	*	
V	(V*)	*	*	*	
-	(ARG1*	*	*	*	
-	*	(ARG0*)	*	*	
-	*	(ARGM-MOD*)	*	*	
V	*	(V*)	*	*	
-	*	(ARG1*	*	*	
-	*	*	(ARG0*)	*	
-	*	*	(ARGM-MOD*)	*	
V	*	*	(V*)	*	
V	*	*	(ARG1*)	(V*)	
-	*	*	(ARGM-MNR*	*	
-	*	*	*	*	
-	*)	*)	*)	*	
-	*	*	*	*	

-	*	*	*	*	*	
V	(ARG1*)	*	*	*	*	
-	(ARG1*	*	*	*	*	
-	*	*	*	*	*	
-	*	*	*	*	*	
-	*)	*	*	*	*	
-	*	*	*	*	*	
-	*	*	*	*	*	
-	(ARG1*)	(ARGM-MOD*	*	*	*	
-	*	*)	*	*	*	
V	*	(V*)	*	*	*	
V	*	(ARG2*	(V*)	*	*	
-	*	*	*	*	*	
-	*	*)	*	*	*	
-	*	*	*	*	*	
-	*	*	*	*	(ARG1*	
V	*	*	*	(V*)	*)	
-	*	*	*	*	*	
V	*	*	*	*	(V*)	
-	*	*	*	*	*	

-	(ARG1*)	*	*	*	
-	(ARGM-MOD*)	*	*	*	
V	(V*)	*	*	*	
-	(ARG2*	*	*	*	
-	*	*	*	*	
-	*	*	*	*	
-	*)	*	*	*	
-	(ARGM-ADV*)	*	*	*	
-	*	*	*	(ARG1*	
-	*	*	*	*	
-	*	*	*	*	
-	*	*	*	*	
-	*	*	*	*)	
-	*	*	*	(ARG1*	
V	*	(V*)	*	*)	
-	*	*	*	(ARGM-MOD*)	
V	*	*	(V*)	(ARGM-NEG*)	
-	*	*	*	(ARGM-NEG*)	
V	*	*	*	(V*)	
-	*	*	*	*	

-	(ARGM-DIS*)	*	*	*	*	*	
-	(ARGM-NEG*)	*	*	*	*	*	
V	(V*)	*	*	*	*	*	
-	(ARG1*)	*	*	*	*	*	
-	(ARG1*	*	*	*	*	*	
-	*	(ARG0*)	*	*	*	*	
V	*	(V*)	*	*	*	*	
V	*	(ARG1*)	(V*)	*	*	*	
-	*	(ARG1*	*	*	*	*	
V	*	*	*	(V*)	*	*	
-	*	*	*	(ARG1*)	*	*	
-	*	*	*	*	*	*	
-	*	*	*	(ARG2*	*	*	
V	*	*	*	*)	(V*)	*	
V	*)	*)	*	(ARGM-TMP*)	*	(V*)	
-	*	*	*	*	*	*	

-	(ARG1*)	*	*	*	*	
V	(V*)	*	*	*	*	
V	(ARG2*	(V*)	*	*	*	
-	*	*	*	*	*	
V	*	*	(V*)	*	*	
-	*	*	(ARG1*)	*	*	
-	*	*	(ARG2*	*	*	
-	*	*	*	*	*	
-	*	*	*)	*	*	
-	*	*	*	*	*	
-	*)	*	*	*	*	
-	*	*	*	(ARG1*)	*	
V	*	*	*	(V*)	*	
V	*	*	*	(ARG2*	(V*)	
-	*	*	*	*)	*	

-	(ARGM-ADJ*)	
V	(V*)	
-	*	

-	
-	
-	
-	
-	

-	
-	

-	
-	
-	

-	(ARGM-MOD*)	
-	*	
V	(V*)	
-	(ARG1*)	
-	*	
-	*	
-	*	

-	

-	(ARG0*)	*	*	*	*	*	
V	(V*)	*	*	*	*	*	
-	(ARG1*	*	*	*	*	*	
-	*	*	*	*	*	*	
-	*	(ARG0*)	*	*	*	*	
V	*	(V*)	*	*	*	*	
-	*	(ARG1*	*	*	*	*	
-	*	*	*	*	*	*	
-	*)	*)	*	*	*	*	
-	*	*	*	*	*	*	
-	(ARG1*)	*	(ARGM-MOD*	*	*	*	
-	*	*	*)	*	*	*	
V	*	*	(V*)	*	*	*	
V	*	*	(ARG2*)	(V*)	*	*	
-	*	(ARG1*	*	*	*	*	
V	*	*	*	*	(V*)	*	
-	*	*	*	*	(ARG1*)	*	
V	*	*	*	*	(ARG1*	(V*)	
-	*	*	*	*	*	(ARG1*	
-	*	*)	*	*	*)	*)	
-	*	*	*	*	*	*	
-	*	*	*	*	*	(ARG2*	
-	*	*	*	*	*	*)	
-	*	*	*	*	*	*	
-	*	*	*	*	*	*	
-	*	*	*	*	*	*	
-	*	*	*	*	*	*	
-	*	*	*	*	*	*	

-	(ARG2*)	*	
-	(ARG1*)	*	
V	(V*)	*	
V	(ARG2*	(V*)	
-	*)	*	

V	(V*)	
-	*	

-	

-	*	(ARG0*)	*	
V	(V*)	*	*	
-	*	(ARGM-NEG*)	*	
V	*	(V*)	*	
-	*	(ARG1*	*	
V	*	*	(V*)	
-	*	*	*	
-	*	*	*	
-	*	*	*	
-	*	*	(ARGM-TMP*)	
-	*	*	(ARGM-TMP*	
-	*	*)	*)	
-	*	*	*	

-	*	*	*	
-	(ARG0*)	*	*	
V	(V*)	*	*	
-	(ARG1*	*	*	
-	*)	*	*	
-	*	*	*	
-	*	(ARG1*)	*	
-	*	(ARG0*)	*	
-	*	(ARGM-MOD*)	*	
V	*	(V*)	*	
-	*	(ARG1*	*	
V	*	*)	(V*)	
-	*	*	*	

V	(V*)	

-	

-	
-	

V	(V*)	*	
-	*	*	
-	(ARG1*	*	
-	*	*	
V	*)	(V*)	
-	(ARG1*	*	
-	*	*	
-	*	*	
-	*)	*	
-	*	*	

-	(ARG0*)	*	*	*	*	*	
-	(ARGM-NEG*)	*	*	*	*	*	
V	(V*)	*	*	*	*	*	
-	(ARG1*	*	*	*	*	*	
-	*	*	*	*	*	*	
-	*	*	*	*	*	*	
-	*	*	*	*	*	*	
-	*)	*	*	*	*	*	
-	*	(ARG0*)	*	*	*	*	
V	*	(V*)	*	*	*	*	
-	*	(ARG1*	*	*	*	*	
-	*	*)	*	*	*	*	
-	*	*	*	*	*	*	
-	*	*	*	*	*	*	
V	*	*	(V*)	*	*	*	
-	*	*	(ARG1*	*	*	*	
V	*	*	*	(V*)	*	*	
-	*	*	*	(ARG1*	*	*	
-	*	*	*	*	*	*	
V	*	*	*	*	(V*)	*	
-	*	*	*	*	(ARG1*	*	
V	*	*	*	*	*)	(V*)	
-	*	*	*	*	(ARG2*	*	
-	*	*	*)	*)	*)	*	
-	*	*	*	*	*	*	

-	(ARGM-DIS*)	*	*	*	*	*	
V	(V*)	*	*	*	*	*	
-	(ARG1*)	*	*	*	*	*	
V	(ARG1*	(V*)	*	*	*	*	
-	*	(ARG1*	*	*	*	*	
-	*	*	(ARG0*)	*	*	*	
V	*	*	(V*)	*	*	*	
-	*	*	(ARG1*	*	*	*	
V	*	*	*)	(V*)	*	*	
-	*	*	(ARGM-TMP*	*	*	*	
-	*	*	*	*	*	*	
-	*	*	*	*	*	(ARG0*	
V	*	*	*	*	(V*)	*)	
-	*	*	*	*	*	(ARGM-MOD*)	
V	*	*	*	*	*	(V*)	
-	*	*	*	*	*	(ARGM-LOC*	
-	*	*	*	*	*	*	
-	*	*	*	*	*	*	
-	*)	*)	*)	*	*	*)	
-	*	*	*	*	*	*	

V	(V*)	
-	*	

-	

-	
-	

-	*	(ARG1*)	*	*	*	
V	(V*)	*	*	*	*	
V	*	(V*)	*	*	*	
-	*	*	*	*	*	
V	*	*	(V*)	*	*	
-	*	*	(ARG1*	*	*	
V	*	*	*	(V*)	*	
-	*	*	*	(ARG1*	*	
V	*	*	*)	*)	(V*)	
-	*	*	*	*	*	

-	(ARGM-DIS*)	
-	*	
-	(ARG1*)	
-	(ARGM-MOD*)	
V	(V*)	
-	*	
-	(ARG2*)	
-	*	
-	*	
-	*	

-	(ARG0*)	*	
V	(V*)	*	
-	(ARG1*	(ARG0*)	
-	*	*	
V	*	(V*)	
-	*)	(ARG1*)	
-	*	*	

-	*	(ARG1*)	
V	(V*)	*	
V	*	(V*)	
-	*	*	
-	*	(ARGM-TMP*	
-	*	*	
-	*	*	
-	*	*	
-	*	*)	
-	*	*	

V	(V*)	*	*	*	*	
-	*	(ARG0*)	*	*	*	
V	*	(V*)	*	*	*	
-	*	(ARG1*)	*	*	*	
-	*	*	*	*	*	
V	*	*	(V*)	*	*	
-	*	*	*	(ARG1*	*	
-	*	*	*	*	*	
-	*	*	*	*)	*	
-	*	*	*	(ARG0*)	*	
V	*	*	*	(V*)	*	
V	*	*	*	(ARG1*)	(V*)	
-	*	*	*	*	*	

V	(V*)	
-	(ARG1*	
-	*)	
-	(ARGM-TMP*)	
-	*	

-	

-	
-	
-	

-	*	*	(ARG0*)	*	*	*	*	*	*	
V	(V*)	*	*	*	*	*	*	*	*	
V	*	(V*)	*	*	*	*	*	*	*	
V	*	*	(V*)	*	*	*	*	*	*	
-	*	*	(ARG1*	*	*	*	*	*	*	
-	*	*	*	*	*	*	*	*	*	
-	(ARGM-ADJ*)	*	*	*	*	*	*	*	*	
-	*	*	*)	*	*	*	*	*	*	
-	*	*	(ARG1*	*	*	*	*	*	*	
-	*	*	*	(ARG0*)	*	*	*	*	*	
V	*	*	*	(V*)	*	*	*	*	*	
-	*	*	*	(ARG1*	*	*	*	*	*	
V	*	*	*	*	(V*)	*	*	*	*	
-	*	*	*	*	(ARG1*	*	*	*	*	
-	*	*	*	*	*	*	*	*	*	
-	*	*	*	*	*	*	*	*	*	
V	*	*	*	*	*)	(V*)	*	*	*	
-	*	*	*	*	(ARGM-PRP*	*	*	*	*	
-	*	*	*	*	*	*	*	(ARG0*)	*	
-	*	*	*	*	*	*	*	(ARGM-MOD*)	*	
V	*	*	*	*	*	*	(V*)	*	*	
V	*	*	*	*	*	*	*	(V*)	*	
-	*	*	*	*	*	*	*	(ARG1*	*	
V	*	*	*)	*)	*)	*	*	*)	(V*)	
-	*	*	*	*	*	*	*	*	*	

-	*	*	*	*	
-	(ARG1*)	*	*	*	
-	(ARGM-MOD*)	*	*	*	
V	(V*)	*	*	*	
-	(ARG2*)	*	*	*	
V	(ARG2*	(V*)	*	*	
-	*)	*	*	*	
-	*	*	(ARGM-MOD*)	*	
-	*	*	(ARG0*)	*	
-	*	*	(ARGM-NEG*)	*	
V	*	*	(V*)	*	
-	*	*	(ARG1*)	*	
V	*	*	(ARG1*	(V*)	
-	*	*	*	(ARG1*	
-	*	*	*	*	
-	*	*	*	*)	
-	*	*	*	(ARGM-TMP*	
-	*	*	*	*	
-	*	*	*	*	
-	*	*	*	*	
-	*	*	*	*	
-	*	*	*)	*)	
-	*	*	*	*	

-	*	*	*	
-	(ARG1*	*	*	
-	*	*	*	
-	*)	*	*	
-	(ARG0*)	*	*	
-	(ARGM-DIS*)	*	*	
V	(V*)	*	*	
-	(ARG1*	*	*	
-	*	*	*	
-	*	*	*	
V	*)	(V*)	*	
-	*	*	*	
-	*	*	*	
-	*	*	(ARGM-DIS*)	
V	*	*	(V*)	
-	*	*	*	

V	(V*)	*	
-	(ARG2*	*	
-	*	(ARG0*)	
V	*)	(V*)	
-	*	*	

-	

-	*	*	(ARGM-DIS*)	
-	*	*	(ARG1*)	
V	(V*)	*	*	
V	*	(V*)	*	
V	*	*	(V*)	
-	*	*	*	

-	(ARGM-MOD*)	
-	(ARG0*)	
V	(V*)	
-	(ARG1*	
-	*	
-	*	
-	*	
-	*	
-	*)	

-	*	*	*	*	*	*	
V	(V*)	*	*	*	*	*	
V	(ARG1*)	(V*)	*	*	*	*	
-	*	*	(ARG1*	*	*	*	
-	*	*	*	*	*	*	
-	*	*	*	*	*	*	
-	*	*	*)	*	*	*	
-	*	*	*	*	*	*	
-	*	*	(ARG1*)	*	*	*	
V	*	*	(V*)	*	*	*	
-	*	*	(ARG2*	*	*	*	
V	*	*	*)	(V*)	*	*	
-	(ARG1*	*	*	*	*	*	
-	*	*	*	*	*	(ARG0*)	
V	*	*	*	*	(V*)	*	
-	*	*	*	*	*	(ARGM-NEG*)	
V	*)	*	*	*	*	(V*)	
-	*	*	*	*	*	*	
-	*	*	*	*	*	(ARGM-MNR*)	
-	*	*	*	*	*	*	

-	*	*	(ARG1*	
V	(V*)	*	*)	
V	*	(V*)	*	
V	*	*	(V*)	
-	*	*	(ARG1*)	
-	*	*	*	

V	(V*)	

-	*	
V	(V*)	
-	*	
-	*	
-	*	
-	*	
-	*	
-	*	

-	*	
V	(V*)	
-	*	
-	*	
-	*	
-	*	
-	*	

-	*	
V	(V*)	
-	*	
-	*	
-	*	
-	*	
-	*	

-	*	
V	(V*)	
-	*	
-	*	
-	*	
-	*	
-	*	
-	*	
-	*	

-	*	
V	(V*)	
-	*	
-	*	
-	*	
-	*	
-	*	
-	*	
-	*	

-	*	
V	(V*)	
-	*	
-	*	
-	*	
-	*	
-	*	
-	*	

-	*	
V	(V*)	
-	*	
-	*	
-	*	
-	*	
-	*	

-	*	
V	(V*)	
-	*	
-	*	
-	*	
-	*	
-	*	
-	*	

-	*	
V	(V*)	
-	*	
-	*	
-	*	
-	*	
-	*	

-	*	
V	(V*)	
-	*	
-	*	
-	*	
-	*	
-	*	
-	*	
-	*	

-	*	
V	(V*)	
-	*	
-	*	
-	*	
-	*	
-	*	
-	*	
-	*	

V	(V*)	

-	*	
V	(V*)	
-	(ARG1*)	
-	*	

-	(ARGM-DIS*)	*	*	
V	(V*)	*	*	
V	(ARG1*)	(V*)	*	
-	*	*	*	
-	*	*	*	
-	*	*	*	
-	*	(ARG1*	*	
-	*	*	*	
-	*	*)	*	
-	(ARG1*	*	*	
-	*	*	*	
-	*	*	*	
-	*	*	*	
-	*	*	*	
-	*)	*	*	
-	*	*	*	
V	*	(ARGM-PRP*)	(V*)	
-	*	*	*	
-	*	*	(ARG1*)	
-	*	*	*	

-	(ARG1*	*	*	*	
-	*)	*	*	*	
V	(V*)	*	*	*	
-	(ARG1*	*	*	*	
V	*	(V*)	*	*	
V	*	*	(V*)	*	
-	*	*	(ARG1*	*	
V	*)	*	*)	(V*)	
-	*	*	*	*	
-	*	*	*	(ARG1*)	
-	*	*	*	*	

V	(V*)	

-	

-	(ARGM-MOD*)	*	
-	(ARG0*)	*	
-	(ARGM-MOD*)	*	
V	(V*)	*	
-	(ARG1*	*	
-	*	*	
-	*	*	
-	*	*	
-	*	*	
-	*	(ARG0*)	
V	*	(V*)	
-	*)	(ARG1*)	
-	*	*	

-	*	*	*	*	
-	(ARG1*	*	*	*	
-	*	*	*	*	
-	*	*	*	*	
-	*	*	*	*	
-	*	*	*	*	
-	*)	*	*	*	
-	*	*	*	*	
-	(ARG0*)	*	*	*	
-	(ARGM-MOD*)	*	*	*	
V	(V*)	*	*	*	
-	(ARG1*	(ARG0*)	*	*	
V	*	(V*)	*	*	
-	*	(ARG1*	*	*	
-	*	*	*	*	
-	*)	*)	*	*	
-	*	*	*	*	
-	*	(ARGM-TMP*)	*	*	
-	*	*	*	*	
-	*	*	(ARG0*)	*	
-	*	*	(ARGM-MOD*)	*	
V	*	*	(V*)	*	
-	*	*	(ARG1*)	*	
-	*	*	(ARGM-MNR*	*	
-	*	*	*	(ARG1*)	
V	*	*	*)	(V*)	
-	*	*	*	*	

-	(ARGM-DIS*)	*	
V	(V*)	*	
-	*	(ARG1*	
-	*	*	
-	*	*	
-	*	*	
-	*	*	
-	*	*	
-	*	*	
-	(ARG1*)	*	
-	(ARG1*)	*)	
-	(ARG1*	*	
-	*	(ARG1*)	
V	*)	(V*)	
-	*	*	
-	(ARGM-TMP*)	*	
-	(ARGM-TMP*	*	
-	*)	*	
-	*	*	

-	(ARG0*)	*	
-	(ARGM-MOD*)	*	
V	(V*)	*	
-	(ARG1*	*	
-	*	*	
-	*	*	
-	*	*	
V	*	(V*)	
-	*	*	
-	*)	*	
-	*	*	
-	*	(ARGM-LOC*)	
-	*	*	

-	(ARG1*	
-	*	
-	*	
-	*	
-	*)	
-	(ARGM-MOD*)	
V	(V*)	
-	(ARG2*	
-	*	
-	*	
-	*)	

V	(V*)	*	*	*	*	*	
-	*	*	*	*	*	*	
-	*	(ARG1*)	*	*	*	*	
-	*	*	*	*	*	*	
-	*	(ARG1*)	*	*	*	*	
-	*	(ARGM-MOD*)	*	*	*	*	
V	*	(V*)	*	*	*	*	
V	*	(ARG2*	(V*)	*	*	*	
-	*	*	(ARG2*	*	*	*	
V	*	*	*	(V*)	*	*	
-	*	*	*	(ARG1*	*	*	
-	*	*	*)	*)	*	*	
-	*	*)	*	*	*	*	
-	*	*	*	*	*	*	
V	*	*	*	*	(V*)	*	
-	*	*	*	*	*	(ARG0*)	
V	*	*	*	*	*	(V*)	
-	*	*	*	*	*	(ARG1*	
-	*	*	*	*	*	*)	
-	*	*	*	*	*	*	

V	(V*)	
-	*	

-	*	*	*	*	
-	*	*	*	*	
-	*	*	*	*	
-	*	*	*	*	
V	(V*)	*	*	*	
V	*	(V*)	*	*	
-	*	*	*	*	
V	*	*	(V*)	*	
V	*	*	*	(V*)	
-	*	*	*	*	
-	*	*	*	*	
-	*	*	*	*	
-	*	*	*	*	
-	*	*	*	*	

-	
-	

V	(V*)	*	*	*	
V	*	(V*)	*	*	
-	*	*	*	*	
-	*	*	*	*	
-	(ARG1*	*	*	*	
V	*)	*	(V*)	*	
-	*	*	*	*	
V	*	*	*	(V*)	
-	*	*	*	(ARG2*)	
-	*	*	*	*	

-	*	*	*	(ARGM-ADV*	
-	(ARG0*)	*	*	*	
-	(ARGM-MOD*)	*	*	*	
V	(V*)	*	*	*)	
-	*	*	*	*	
-	*	(ARG1*	*	*	
-	*	*	*	*	
-	*	*)	*	*	
V	*	(V*)	*	*	
-	*	(ARG2*	*	*	
V	*	*	(V*)	*	
-	*	*	(ARG2*	*	
V	*	*	*	(V*)	
-	*	*	*	(ARG1*	
-	*	*	*	*	
-	*	*)	*)	*)	
-	*	*	*	*	

-	*	*	
-	(ARGM-ADV*)	*	
-	*	*	
-	(ARG0*)	*	
-	*	*	
-	*	*	
-	(ARGM-NEG*)	*	
V	(V*)	*	
V	(ARG1*)	(V*)	
-	(ARG1*	*	
-	*	*	
-	*	*	
-	*)	*	
-	*	*	

-	*	(ARG0*	*	*	*	*	*	*	
-	*	*)	*	*	*	*	*	*	
-	*	(ARGM-MOD*)	*	*	*	*	*	*	
V	(V*)	*	*	*	*	*	*	*	
V	*	(V*)	*	*	*	*	*	*	
-	*	(ARG1*	*	*	*	*	*	*	
-	*	*	*	*	*	*	*	*	
-	*	*	*	*	*	*	*	*	
-	*	*	*	*	*	*	*	*	
-	*	*	*	*	*	*	*	*	
-	*	*)	*	*	*	*	*	*	
V	*	*	(V*)	*	*	*	*	*	
-	*	(ARGM-LOC*)	*	*	*	*	*	*	
-	*	*	*	*	*	*	*	*	
-	*	*	*	*	*	*	*	*	
V	*	*	*	(V*)	*	*	*	*	
V	*	*	*	(ARG2*)	(V*)	*	*	*	
-	*	*	*	*	*	*	(ARGM-LVB*	(ARG1*	
V	*	*	*	*	*	(V*)	*	*	
-	*	*	*	*	*	(ARG1*)	*)	*	
-	*	*	*	*	*	*	*	*	
-	*	*	*	*	*	*	(ARG0*)	*	
V	*	*	*	*	*	*	(V*)	*)	
V	*	*	*	*	*	*	*	(V*)	
-	*	*	*	*	*	*	*	*	
-	*	*	*	*	*	*	*	*	

V	(V*)	

-	

-	
-	

-	(ARG2*)	*	(ARGM-PRR*	
V	(V*)	*	*	
-	*	*	*	
-	*	*	*	
-	*	*	*	
-	*	*	*	
V	*	(V*)	*	
-	*	*	*	
-	*	*	*	
-	*	*	*)	
V	*	*	(V*)	
-	*	*	(ARGM-PRR*	
-	*	*	*	
-	*	*	*	
-	*	*	*)	

-	(ARGM-ADV*	*	*	*	*	*	
-	*	*	*	*	*	*	
-	*)	*	*	*	*	*	
-	*	*	*	*	*	*	
-	(ARG0*)	*	*	*	*	*	
-	(ARGM-MOD*)	*	*	*	*	*	
-	*	*	*	*	*	*	
-	*	*	*	*	*	*	
V	(V*)	*	*	*	*	*	
V	(ARG1*)	(V*)	*	*	*	*	
-	(ARG2*	*	*	*	*	*	
-	*	*	*	*	*	*	
-	*	*	*	*	*	*	
-	*)	*	*	*	*	*	
-	*	*	*	*	*	*	
-	*	*	(ARG1*	*	*	*	
-	*	*	*)	*	*	*	
-	*	*	(ARGM-MOD*)	*	*	*	
V	*	*	(V*)	*	*	*	
V	*	*	(ARG2*)	(V*)	*	*	
-	(ARG1*	*	*	*	*	*	
V	*	*	*	*	(V*)	*	
-	*)	*	*	*	(ARG1*)	*	
-	(ARG1*	*	*	*	*	*	
-	*	*	*	*	*	*	
-	*	*	*	*	*	*	
-	*	*	*	*	*	(ARG0*)	
V	*)	*	*	*	*	(V*)	
-	*	*	*	*	*	*	

-	*	(ARG1*)	*	
-	*	*	*	
-	*	*	*	
V	(V*)	*	*	
-	(ARG2*)	*	*	
-	*	*	(ARG1*	
V	*	(V*)	*	
-	*	(ARG1*)	*)	
-	*	*	*	
V	*	*	(V*)	
-	*	*	*	

V	(V*)	

-	

-	*	
-	(ARG0*)	
V	(V*)	
-	*	

-	

-	
-	

-	(ARG0*)	
-	*	
V	(V*)	
-	(ARG1*	
-	*	
-	*	
-	*	
-	*	
-	*)	
-	(ARG1*)	
-	(ARGM-TMP*)	
-	*	
-	*	
-	(ARGM-TMP*)	
-	*	

-	*	*	*	*	*	*	
-	(ARGM-ADV*)	*	*	*	*	*	
-	*	*	*	*	*	*	
-	(ARG0*)	*	*	*	*	*	
-	*	*	*	*	*	*	
-	*	*	*	*	*	*	
-	(ARGM-NEG*)	*	*	*	*	*	
V	(V*)	*	*	*	*	*	
V	(ARG1*)	(V*)	*	*	*	*	
-	(ARG1*	*	*	*	*	*	
-	*	*	*	*	*	*	
-	*)	*	*	*	*	*	
-	*	*	*	*	*	*	
-	(ARG1*	*	*	*	*	*	
-	*	*	*	*	*	*	
-	*	*	(ARG0*)	*	*	*	
-	*	*	(ARGM-MOD*)	*	*	*	
V	*	*	(V*)	*	*	*	
-	*	*	(ARG1*)	*	*	*	
-	*)	*	*	*	*	*	
-	*	*	*	*	*	*	
-	*	*	(ARG2*)	*	*	*	
-	*	*	(ARG1*	*	*	*	
-	*	*	*	(ARG0*)	*	*	
-	*	*	*	(ARGM-MOD*)	*	*	
V	*	*	*	(V*)	*	*	
-	*	*	*)	(ARG1*)	*	*	
-	*	*	*	*	(ARG1*	*	
-	*	*	*	*	*	*	
-	*	*	*	*	*)	*	
-	*	*	*	*	*	*	
V	*	*	*	*	(V*)	*	
-	*	*	*	*	(ARG1*	*	
-	*	*	*	*	*	(ARG0*)	
-	*	*	*	*	*	(ARGM-MOD*)	
V	*	*	*	*	*	(V*)	
-	*	*	*	*	*)	(ARG1*)	
-	*	*	*	*	*	*	

V	(V*)	*	*	*	*	
-	(ARG1*)	*	*	*	*	
V	(ARG1*	(V*)	*	*	*	
-	*	(ARG1*	*	*	*	
-	*	*	*	(ARG1*)	*	
V	*	*	(V*)	(ARGM-MOD*)	*	
-	*	*	*	(ARGM-NEG*)	*	
V	*	*	*	(V*)	*	
V	*)	*)	*	(ARG1*)	(V*)	
-	*	*	*	*	*	

V	(V*)	

-	

-	*	*	*	
-	*	(ARGM-ADV*)	*	
V	(V*)	*	*	
-	*	*	*	
-	*	(ARG1*)	*	
-	*	*	*	
-	*	(ARG0*)	*	
V	*	(V*)	*	
-	*	(ARG1*	*	
V	*	*)	(V*)	
-	*	*	*	
-	*	*	*	
-	*	*	(ARG1*)	
-	*	*	*	

V	(V*)	*	*	
V	(ARG1*)	(V*)	*	
-	*	*	*	
V	(ARG2*	*	(V*)	
-	*)	*	*	

-	(ARG2*)	
V	(V*)	
-	(ARG2*	
-	*)	
-	*	

V	(V*)	

-	

-	(ARG1*)	*	
V	(V*)	*	
V	(ARG2*	(V*)	
-	*)	*	

-	(ARG0*)	
-	(ARGM-MOD*)	
V	(V*)	
-	(ARG1*)	
-	*	

V	(V*)	(ARGM-ADV*	*	
-	*	*)	*	
-	*	*	*	
-	*	*	(ARG1*)	
-	*	*	(ARG1*)	
-	*	(ARG1*)	*	
V	*	(V*)	*	
V	*	(ARG2*)	(V*)	

-	(ARG1*)	*	
V	(V*)	*	
V	(ARG2*	(V*)	
-	*)	*	
-	(ARG2*)	*	
-	*	*	
-	*	*	
-	*	*	

-	*	*	*	*	
V	(V*)	*	*	*	
-	*	*	*	*	
-	*	*	*	*	
-	*	*	*	*	
-	*	*	*	*	
-	*	*	*	*	
-	*	*	*	*	
-	*	*	*	*	
V	*	(V*)	*	*	
-	*	*	(ARG0*)	*	
V	*	*	(V*)	*	
-	*	*	(ARG1*	*	
-	*	*	*	*	
-	*	*	*	*	
-	*	*	*	*	
-	*	*	*	*	
-	*	*	*	*	
-	*	*	*	*	
-	*	*	*)	*	
-	*	*	*	(ARG1*	
-	*	*	*	*)	
V	*	*	*	(ARG1*)	
-	*	*	*	*	
-	*	*	*	*	
-	*	*	(ARG1*)	*	
-	*	*	*	(ARGM-MOD*)	
-	*	*	*	*	
-	*	*	*	*	
-	*	*	*	*	
-	*	*	*	(ARG2*	
-	*	*	*	*)	
-	*	*	*	*	
-	*	*	*	*	
-	*	*	*	*	
-	*	*	*	*	
-	*	*	*	*	
-	*	*	*	*	
-	*	*	*	*	
-	*	*	*	*	
-	*	*	*	*	
-	*	*	*	*	
-	*	*	*	*	

-	
-	
-	
-	

-	
-	

-	*	(ARG0*)	*	
V	(V*)	*	*	
V	*	(V*)	*	
-	*	(ARG1*	*	
-	*	*	*	
-	*	*	*	
-	*	*	*	
-	*	*	*	
-	*	*	*	
-	*	*	*	
-	*	*	*	
V	*	*	(V*)	
-	*	*	(ARG1*	
-	*	*	*	
-	*	*	*	
-	*	*	*	
-	*	*	*	
-	*	*	*)	
-	*	*	*	
-	*	*)	*	
-	*	*	*	
-	(ARGM-LOC*)	*	*	
-	*	*	*	
-	*	*	*	
-	*	*	*	
-	*	*	*	
-	*	*	*	
-	*	*	*	
-	*	*	*	

-	(ARG0*)	*	*	
V	(V*)	*	*	
-	*	*	*	
-	(ARG1*	*	*	
-	*	*	*	
-	*	(ARGM-ADJ*)	*	
V	*	(V*)	*	
-	*	(ARG1*	*	
V	*	*	(V*)	
-	*	*	(ARG1*	
-	*)	*)	*)	
-	(ARG1*	*	*	
-	*	*	*	
-	*	*	*	
-	*	*	*	
-	*)	*	*	
-	*	*	*	
-	(ARG1*)	*	*	
-	(ARG1*)	*	*	
-	*	*	*	

V	(V*)	

-	

V	(V*)	*	
-	(ARG1*	*	
-	*	*	
-	*	*	
-	*)	*	
-	*	*	
-	*	*	
-	*	*	
-	*	*	
-	*	*	
-	*	*	
-	*	*	
-	*	*	
-	*	*	
-	*	*	
-	*	*	
-	*	*	
-	*	*	
-	*	*	
-	*	*	
-	*	*	
-	*	*	
-	(ARGM-TMP*	(ARG1*	
-	*	*	
-	*	*	
-	*	*	
-	*	*)	
-	*	(R-ARG1*)	
-	*	(ARG0*)	
-	*	(ARGM-MOD*)	
V	*	(V*)	
-	*	(ARG1*	
-	*	*	
-	*	*	
-	*)	*)	
-	*	*	

-	*	*	*	*	(ARG2*	
-	*	*	*	*	*	
-	*	*	*	*	*	
-	*	*	*	*	*	
-	*	*	*	*	*)	
-	*	*	*	*	*	
-	*	*	(ARG1*	*	*	
-	*	*	*)	*	*	
V	(V*)	*	(ARGM-MOD*)	*	*	
V	*	(V*)	*	*	*	
V	*	*	(V*)	*	*	
-	*	*	*	(ARG1*)	*	
V	*	*	*	(V*)	*	
-	*	*	*	*	*	
V	*	*	*	(ARG2*	(V*)	
-	*	*	*	*)	*	
-	*	*	*	*	*	
-	*	*	*	*	*	

-	(ARG0*)	*	
-	*	*	
V	(V*)	*	
-	(ARG1*)	*	
V	*	(V*)	

-	
-	
-	
-	
-	
-	
-	

-	
-	

-	*	*	*	*	*	*	*	*	
-	*	*	*	*	*	*	*	*	
-	(ARG0*)	*	*	*	*	*	*	*	
-	*	*	*	*	*	*	*	*	
-	*	*	*	*	*	*	*	*	
V	(V*)	*	*	*	*	*	*	*	
-	(ARG1*	*	*	*	*	*	*	*	
-	*	(ARG0*)	*	*	*	*	*	*	
V	*	(V*)	*	*	*	*	*	*	
-	*	(ARG1*	*	*	*	*	*	*	
-	*	*	*	*	*	*	*	*	
-	*	*	(ARGM-ADJ*)	*	*	*	*	*	
V	*)	*)	(V*)	*	*	*	*	*	
-	*	*	*	*	*	*	*	*	
-	*	*	(ARG1*)	*	*	*	*	*	
-	*	*	*	*	*	*	*	*	
-	*	*	*	*	*	*	*	*	
-	*	*	*	*	*	*	*	*	
-	*	*	*	*	*	*	*	*	
-	*	*	*	*	*	*	*	*	
-	*	*	*	*	*	*	*	*	
-	*	(ARG1*	*	(ARG1*	*	*	*	*	
-	*	*	*	*	*	*	*	*	
-	*	*	*	*	*	*	*	*	
-	*	*	*	*)	*	*	*	*	
-	*	*	*	(ARGM-MOD*)	*	*	*	*	
V	*	*	*	(V*)	*	*	*	*	
-	*	*	*	(ARG1*)	*	*	*	*	
-	*	*)	*	*	*	*	*	*	
-	*	*	*	*	*	*	*	*	
-	*	*	*	*	*	*	(ARG1*)	*	
V	*	*	*	*	(V*)	(ARG0*	*	*	
-	*	*	*	*	*	*	*	*	
-	*	*	*	*	*	*	*	*	
-	*	*	*	*	*	*)	*	*	
-	*	*	*	*	*	(R-ARG0*)	*	*	
V	*	*	*	*	*	(V*)	*	*	
-	*	*	*	*	*	*	*	*	
V	*	*	*	*	*	*	(V*)	*	
V	*	*	*	*	*	(ARG1*)	*	(V*)	
-	*	*	*	*	*	*	*	*	

-	

V	(V*)	*	*	*	*	*	
V	*	(V*)	*	*	*	*	
-	*	*	*	*	*	*	
-	*	*	*	*	*	*	
-	*	*	*	*	*	*	
-	*	*	*	*	*	*	
-	*	*	*	*	*	*	
-	*	*	*	*	*	*	
-	*	*	*	*	*	*	
-	*	*	*	*	*	*	
-	*	*	*	*	*	*	
-	*	*	*	*	*	*	
-	*	*	*	*	*	*	
-	*	*	*	*	*	*	
-	*	*	*	*	*	*	
-	*	*	*	(ARG1*	*	*	
-	*	*	*	*)	*	*	
V	*	*	(V*)	*	*	*	
V	*	*	*	(V*)	*	*	
-	*	*	*	(ARG1*	*	*	
-	*	*	*	*	*	*	
-	*	*	*	*	*	*	
-	*	*	*	*	*	*	
-	*	*	*	*	*	*	
-	*	*	*	*)	*	*	
-	*	*	*	*	*	*	
-	*	*	*	*	*	*	
-	*	*	*	(ARG1*)	*	*	
-	*	*	*	*	*	*	
-	*	*	*	*	(ARGM-ADV*)	*	
V	*	*	*	*	(V*)	*	
-	*	*	*	*	(ARG1*)	*	
-	*	*	*	*	(ARGM-TMP*)	*	
-	*	*	*	*	*	*	
V	*	*	*	*	*	(V*)	
-	*	*	*	*	*	*	
-	*	*	*	*	*	(ARGM-TMP*)	
-	*	*	*	*	*	*	

-	

-	
-	
-	
-	

V	(V*)	
-	(ARG1*	
-	*	
-	*	
-	*	
-	*)	

-	

-	

V	(V*)	*	
-	*	*	
V	*	(V*)	

-	

-	

-	

-	
-	
-	

-	(ARG0*)	*	*	*	
-	*	*	*	*	
V	(V*)	*	*	*	
V	(ARG1*	(V*)	*	*	
-	*	(ARG1*	*	*	
-	*	*	*	*	
-	*	*	*	*	
-	*	*	*	*	
-	*	*	*	*	
-	*)	*	*	*	
V	(ARG1*	*	(V*)	*	
-	*	*	*	*	
-	*	*	*	*	
-	*	*	*	*	
-	*)	*	*	*	
-	(ARG1*	*	*	*	
-	*	*	*	*	
-	*	*	*	*	
-	*)	*)	*	*	
V	*	*	*	(V*)	
-	*	*	*	*	
-	*	*	*	*	
-	*	*	*	(ARG2*	
-	*	*	*	*)	
-	*	*	*	*	
-	*	*	*	*	

-	(ARG1*	*	*	*	
-	*)	*	*	*	
V	(V*)	*	*	*	
-	(ARG2*	*	*	*	
-	*	*	*	*	
-	*	*	*	*	
-	*	*	*	*	
-	*	*	*	*	
-	*	*	*	*	
-	*	*	*	*	
-	*	*	*	*	
-	*	*	*	*	
-	*	*	*	*	
-	*	*	*	*	
-	*	*	*	*	
-	*	*	*	*	
-	*)	*	*	*	
-	*	*	*	*	
-	*	(ARG0*)	*	*	
V	*	(V*)	*	*	
-	*	(ARG1*)	*	*	
-	*	(ARG1*	*	*	
-	*	*	*	*	
-	*	*	*	*	
-	*	*	*	*	
-	*	*	*	*	
-	*	*	*	*	
-	*	*	*	*	
-	*	*	*	*	
-	*	*	*	*	
V	*	*)	(V*)	*	
-	*	*	*	*	
-	*	*	(ARG1*)	*	
-	*	*	*	*	
V	*	*	*	(V*)	
-	*	*	*	(ARG1*)	
-	*	*	*	*	
-	*	*	*	*	

-	
-	
-	
-	
-	
-	
-	

-	
-	
-	
-	
-	
-	
-	
-	
-	

V	(V*)	
-	*	
-	*	
-	*	
-	*	

-	(ARG0*)	*	*	
-	(ARGM-MOD*)	*	*	
-	(ARGM-NEG*)	*	*	
V	(V*)	*	*	
-	(ARG1*	*	*	
-	*	*	*	
-	*	*	*	
-	*	*	*	
-	*	*	*	
-	*	*	*	
-	*)	*	*	
-	*	*	*	
-	*	*	*	
-	*	*	*	
-	*	*	*	
-	*	*	*	
V	*	(V*)	*	
-	*	*	*	
-	*	*	*	
-	*	*	*	
-	*	*	*	
-	*	*	*	
-	*	*	*	
-	*	*	*	
-	*	*	*	
-	*	*	*	
-	*	*	*	
-	*	*	*	
-	*	*	*	
-	*	*	*	
-	*	*	*	
-	*	*	*	
-	*	*	*	
-	*	*	*	
-	*	*	*	
-	*	*	*	
-	*	*	*	
-	*	*	*	
-	*	*	*	
V	*	*	(V*)	
-	*	*	*	
-	*	*	*	
-	*	*	*	

-	

-	
-	
-	

-	(ARG0*)	*	*	*	*	*	*	*	
V	(V*)	*	*	*	*	*	*	*	
-	(ARG1*	*	*	*	*	*	*	*	
-	*)	*	*	*	*	*	*	*	
-	(ARG1*	*	*	*	*	*	*	*	
-	*	*	*	*	*	*	*	*	
V	*	(V*)	*	*	*	*	*	*	
-	*	*	*	*	*	*	*	*	
-	*	*	*	*	*	*	*	*	
-	*	*	*	*	*	*	*	*	
-	*)	*	*	*	*	*	*	*	
-	*	*	*	*	*	*	*	*	
-	*	*	*	*	*	*	*	*	
-	*	*	*	*	*	*	*	*	
-	*	*	*	*	*	*	*	*	
-	*	*	*	*	*	*	*	*	
-	*	*	*	*	*	*	*	*	
-	*	*	*	*	*	*	*	*	
-	*	*	*	*	*	*	*	*	
-	*	*	*	*	*	*	*	*	
-	*	*	*	(ARG1*)	*	*	*	*	
V	*	*	(V*)	*	*	*	*	*	
V	*	*	*	(V*)	*	*	*	*	
-	*	*	*	*	*	*	*	*	
-	*	*	*	*	*	*	*	*	
-	*	*	*	*	*	*	*	*	
-	*	*	*	*	*	*	*	*	
-	*	*	*	*	*	*	*	*	
-	*	*	*	*	*	*	*	*	
-	*	*	*	*	*	*	*	*	
-	*	*	*	*	*	*	*	*	
-	*	*	*	*	*	*	*	*	
-	*	*	*	*	*	*	*	*	
-	*	*	*	*	*	*	*	*	
-	*	*	*	*	*	*	*	*	
-	*	*	*	*	*	*	*	*	
-	*	*	*	*	*	*	*	*	
-	*	*	*	(ARG1*	*	*	*	*	
-	*	*	*	*	*	*	*	*	
-	*	*	*	*	*	(ARG0*)	*	*	
V	*	*	*	*	(V*)	*	*	*	
-	*	*	*	*	*	(ARGM-NEG*)	*	*	
V	*	*	*	*	*	(V*)	*	*	
-	*	*	*	*	*	(ARG1*	*	*	
V	*	*	*	*	*	*	(V*)	*	
-	*	*	*	*	*	*	(ARG1*)	*	
-	*	*	*	*	*	*	(ARG1*	(ARG0*	
-	*	*	*	*	*	*	*	*)	
-	*	*	*	*	*	*	*	(R-ARG0*)	
V	*	*	*	*	*	*	*	(V*)	
-	*	*	*	*	*	*	*	(ARG1*)	
-	*	*	*	*)	*	*)	*)	(ARG2*)	
-	*	*	*	*	*	*	*	*	
-	*	*	*	*	*	*	*	*	

-	*	
-	(ARGM-TMP*	
-	*)	
-	(ARG0*)	
-	(ARGM-MOD*)	
V	(V*)	
-	(ARG1*	
-	*	
-	*	
-	*)	
-	(ARGM-TMP*	
-	*	
-	*)	
-	*	

V	(V*)	

-	
-	
-	
-	
-	
-	
-	
-	

-	
-	
-	

-	*	(ARG0*)	*	*	*	*	
V	(V*)	*	*	*	*	*	
V	*	(V*)	*	*	*	*	
-	*	(ARG1*	*	*	*	*	
-	*	*)	*	*	*	*	
-	*	(ARG1*	*	*	*	*	
V	*	*	(V*)	*	*	*	
-	*	*	(ARG2*	*	*	*	
-	*	*	*	*	*	*	
-	*	*	*	*	*	*	
-	*	*	*	*	*	*	
-	*	*)	*)	*	*	*	
-	*	*	*	*	*	*	
-	*	*	*	(ARG0*)	*	*	
-	*	*	*	(ARGM-MOD*)	*	*	
-	*	*	*	(ARGM-NEG*)	*	*	
V	*	*	*	(V*)	*	*	
-	*	*	*	(ARG1*	*	*	
-	*	*	*	*	*	*	
-	*	*	*	*	*	*	
V	*	*	*	*	(V*)	*	
-	*	*	*	*	(ARG1*	*	
-	*	*	*	*	*	*	
-	*	*	*	*	*	*	
-	*	*	*	*	*	*	
-	*	*	*	*	*	*	
V	*	*	*	*	*	(V*)	
-	*	*	*	*	*	(ARG1*	
-	*	*	*	*	*	*	
-	*	*	*	*	*	*)	
-	*	*	*	*)	*)	*	

-	*	*	*	*	*	
V	(V*)	(ARGM-DIS*)	*	*	*	
V	*	(V*)	*	*	*	
-	*	(ARG1*)	*	*	*	
-	*	*	*	*	*	
V	*	(ARG1*	(V*)	*	*	
V	*	*	(ARG1*)	(V*)	*	
-	*	*	(ARG1*	*	*	
V	*	*	*	*	(V*)	
-	*	*	*	*	(ARG1*	
-	*	*)	*)	*	*)	
-	*	*	*	*	*	
-	*	*	*	*	(ARGM-TMP*)	

-	*	*	*	*	*	
-	*	*	*	*	*	
-	(ARG0*)	*	*	*	*	
-	(ARGM-ADV*)	*	*	*	*	
V	(V*)	*	*	*	*	
-	(ARG1*	*	*	*	*	
-	*)	*	*	*	*	
V	*	(V*)	*	*	*	
-	*	(ARGM-TMP*)	*	*	*	
-	*	*	*	(ARG0*	*	
V	*	*	(V*)	*)	*	
V	*	*	*	(V*)	*	
-	*	*	*	*	*	
-	*	*	*	*	*	
-	*	*	*	*	*	
V	*	*	*	(ARG2*)	(V*)	
-	*	*	*	*	*	
-	*	*	*	*	*	

V	(V*)	*	
-	*	(ARG1*)	
V	*	(V*)	

-	
-	
-	
-	

-	(ARGM-ADJ*)	*	
-	(ARGM-TMP*)	*	
V	(V*)	*	
-	*	*	
V	*	(V*)	

-	*	*	*	*	
-	*	*	*	*	
-	*	*	*	*	
-	*	*	*	*	
-	(ARG0*)	*	*	*	
-	*	*	*	*	
V	(V*)	*	*	*	
-	(ARG2*	*	(ARG1*)	*	
V	*	(V*)	*	*	
V	*)	*	(V*)	*	
-	(ARG1*	*	*	*	
-	*	*	*	*	
-	*	*	*	*	
-	*	*	*	*	
-	*	*	*	*	
-	*	*	*	*	
-	*	*	*	*	
-	*	*	*	*	
-	*	*	*	*	
-	*)	*	*	*	
-	*	*	*	(ARG1*)	
V	*	*	*	(V*)	
-	(ARGM-LOC*	*	*	*	
-	*	*	*	*	
-	*)	*	*	*	
-	*	*	*	*	

-	*	*	*	*	
-	(ARGM-TMP*	*	*	*	
-	*	*	*	*	
-	*	*	*	*	
-	*	*	*	*	
-	*)	*	*	*	
V	(V*)	*	*	*	
-	*	*	*	*	
-	(ARG1*)	*	*	*	
-	(ARG2*	*	*	*	
-	*	*	*	*	
-	*	*	*	*	
-	*)	*	*	*	
-	*	*	*	*	
-	*	*	*	*	
V	*	(V*)	*	*	
-	*	(ARG1*	*	(ARG0*)	
V	*	*	(V*)	*	
V	*	*	*	(V*)	
-	*	*	*	(ARG1*	
-	*	*	*	*	
-	*	*)	*	*)	
-	*	*	*	*	

-	(ARG0*)	*	*	*	*	
V	(V*)	*	*	*	*	
-	(ARG1*	*	*	*	*	
-	*)	*	*	*	*	
-	*	*	*	*	*	
-	*	*	*	*	*	
-	*	*	*	*	*	
V	*	(V*)	*	*	*	
V	*	*	(V*)	*	*	
-	*	*	*	*	*	
-	*	*	(ARG1*)	*	*	
-	*	*	(ARGM-TMP*)	*	*	
-	*	*	*	*	*	
-	*	*	*	*	(ARG1*)	
-	*	*	*	*	*	
V	*	*	*	(V*)	*	
-	*	*	*	*	*	
-	*	*	*	*	*	
V	*	*	*	*	(V*)	
-	*	*	*	*	*	
-	*	*	*	*	*	
-	*	*	*	*	*	
-	*	*	*	*	*	
-	*	*	*	*	*	
-	*	*	*	*	*	
-	*	*	*	*	*	
-	*	*	*	*	*	

-	
-	
-	

-	(ARG0*)	*	*	*	*	
V	(V*)	*	*	*	*	
-	*	*	*	*	*	
V	*	(V*)	*	*	*	
-	*	*	*	*	*	
-	*	*	*	*	*	
-	*	*	*	*	*	
-	*	*	(ARG1*	*	*	
-	*	*	*	*	*	
-	*	*	*	*	*	
-	*	*	*	*	*	
-	*	*	*)	*	*	
-	*	*	*	*	*	
-	*	*	*	*	*	
-	*	*	*	*	*	
-	*	*	*	*	*	
-	*	*	*	*	*	
-	*	*	*	*	*	
-	*	*	*	*	*	
-	*	*	*	*	*	
V	*	*	(V*)	*	*	
-	*	*	(ARG1*	*	*	
-	*	*	*	*	*	
-	*	*	*	*	*	
-	*	*	*	*	*	
V	*	*	*	(V*)	*	
-	*	*	*	*	*	
V	*	*	*	*	(V*)	
-	*	*	*	*	(ARG1*)	
-	*	*	*	*	*	
-	*	*	*	(ARG1*)	*	
-	*	*	*	*	*	
-	*	*	*	*	(ARGM-LOC*	
-	*	*	*	*	*	
-	*	*	*	*	*	
-	*	*	*	*	*	
-	*	*	*	*	*	
-	*	*	*	*	*	
-	*	*	*	*	*	
-	*	*	*)	*	*)	
-	*	*	*	*	*	

-	*	*	*	*	*	*	*	*	*	*	
-	*	*	(ARG1*)	*	*	*	*	*	*	*	
V	(V*)	*	*	*	*	*	*	*	*	*	
-	*	*	*	*	*	*	*	*	*	*	
-	*	*	*	*	*	*	*	*	*	*	
-	*	(ARGM-ADV*)	*	*	*	*	*	*	*	*	
-	(ARG2*	*	*	*	*	*	*	*	*	*	
-	*	*	*	*	*	*	*	*	*	*	
-	*	*	*	*	*	*	*	*	*	*	
-	*	*	*	*	*	*	*	*	*	*	
-	*	*	*	*	*	*	*	*	*	*	
-	*	*	*	*	*	*	*	*	*	*	
-	*	*	*	*	*	*	*	*	*	*	
-	*)	*	*	*	*	*	*	*	*	*	
-	*	*	(ARGM-ADV*)	*	*	*	*	*	*	*	
-	*	*	(ARG1*	*	*	*	*	*	*	*	
-	*	*	*	*	*	*	*	*	*	*	
-	*	*	*)	*	*	*	*	*	*	*	
V	*	(V*)	*	*	*	*	*	*	*	*	
V	*	*	(V*)	*	*	*	*	*	*	*	
-	*	*	(ARG1*	*	*	*	*	*	*	*	
-	*	*	*	*	*	*	*	*	*	*	
V	*	*	*	(V*)	*	*	*	*	*	*	
-	*	*	*	(ARG1*	*	*	*	*	*	*	
-	*	*	*	*	*	*	*	*	*	*	
V	*	*	*	*	(V*)	*	*	*	*	*	
-	*	*	*)	*)	*	*	*	*	*	*	
-	*	*	*	*	*	*	*	*	*	*	
V	*	*	*	*	*	(V*)	*	(ARG0*	*	*	
-	*	*	*	*	*	*	*	*)	*	*	
V	*	*	*	*	*	*	(V*)	(ARG0*)	*	*	
-	*	*	*	*	*	*	*	(ARGM-MOD*)	*	*	
V	*	*	*	*	*	*	*	(V*)	*	*	
-	*	*	*	*	*	*	*	(ARG1*)	*	*	
-	*	*	*	*	*	*	*	*	*	*	
-	*	*	*	*	*	*	*	*	*	*	
-	*	*	*	*	*	*	*	*	(ARG1*	*	
-	*	*	*	*	*	*	*	*	*)	*	
-	*	*	*	*	*	*	*	*	(ARGM-MOD*)	*	
V	*	*	*	*	*	*	*	*	(V*)	*	
V	*	*	*	*	*	*	*	*	(ARG2*	(V*)	
-	*	*	*	*	*	*	*	*	*)	*	
-	*	*	*	*	*	*	*	*	*	*	
-	*	*	*	*	*	*	*	*	*	*	

-	

-	(ARG1*)	
V	(V*)	
-	(ARG2*	
-	*	
-	*	
-	*)	
-	(ARG1*	
-	*	
-	*	
-	*)	

-	*	*	
-	(ARG0*	*	
-	*	*	
-	*	*	
-	*	*	
-	*	*	
-	*	*	
-	*)	*	
V	(V*)	*	
V	*	(V*)	
-	*	(ARG1*	
-	*	*	
-	*	*	
-	*	*	
-	*	*	
-	*	*)	
-	*	*	

-	*	*	*	*	*	*	*	*	*	*	*	
V	(V*)	*	*	*	*	*	*	*	*	*	*	
V	(ARG2*)	(V*)	*	*	*	*	*	*	*	*	*	
-	(ARG1*	*	*	*	*	*	*	*	*	*	*	
V	*	*	(V*)	*	*	*	*	*	*	*	*	
-	*	*	(ARG1*	*	*	*	*	*	*	*	*	
-	*	*	*	*	*	*	*	*	*	*	*	
-	*	*	*	*	*	*	*	*	*	*	*	
-	*	*	*)	*	*	*	*	*	*	*	*	
-	*	*	(ARG1*	*	*	*	*	*	*	*	*	
-	*	*	*	*	*	*	*	*	*	*	*	
-	*	*	*)	*	*	*	*	*	*	*	*	
-	*	*	*	*	*	*	*	*	*	*	*	
-	*	*	*	*	*	*	*	*	*	*	*	
-	*	*	*	(ARG0*)	*	*	*	*	*	*	*	
V	*	*	*	(V*)	*	*	*	*	*	*	*	
-	*	*	*	(ARG1*	*	*	*	*	*	*	*	
-	*	*	*	*	*	*	*	*	*	*	*	
-	*	*	*	*	*	*	*	*	*	*	*	
V	*	*	*	*)	(V*)	*	*	*	*	*	*	
-	*	*	*	*	*	*	*	*	*	*	*	
V	*	*	*	*	*	(V*)	*	*	*	*	*	
V	*	*	*	*	*	(ARG1*)	(V*)	*	*	*	*	
-	*	*	*	*	*	*	*	*	(ARG1*)	*	*	
V	*	*	*	*	*	*	*	(V*)	*	*	*	
V	*	*	*	*	*	*	*	*	(V*)	*	*	
-	*	*	*	*	*	*	*	*	(ARG1*	*	*	
-	*	*	*	*	*	*	*	*	*	*	*	
-	*	*	*	*	*	*	*	*	*)	*	*	
-	*	*	*	*	*	*	*	*	*	*	*	
-	*	*	*	*	*	*	*	*	*	(ARG0*)	*	
-	*	*	*	*	*	*	*	*	*	(ARGM-MOD*)	*	
V	*	*	*	*	*	*	*	*	*	(V*)	*	
-	*	*	*	*	*	*	*	*	*	(ARG1*)	*	
-	*	*	*	*	*	*	*	*	*	(ARG2*	*	
-	*	*	*	*	*	*	*	*	*	*	*	
V	*	*	*	*	*	*	*	*	*	*	(V*)	
-	*	*	*	*	*	*	*	*	*	*	(ARG1*	
-	*	*	*	*	*	*	*	*	*	*	*	
-	*	*	*	*	*	*	*	*	*	*)	*)	
-	*)	*	*	*	*	*	*	*	*	*	*	

-	
-	

-	

-	*	
-	*	
-	*	
V	(V*)	
-	(ARG1*	
-	*	
-	*)	
-	*	
-	*	
-	*	
-	*	
-	*	
-	*	
-	*	
-	*	
-	*	
-	*	
-	*	
-	*	
-	*	
-	*	
-	*	
-	*	

-	
-	

-	
-	
-	
-	
-	
-	
-	

-	(ARG1*	
-	*)	
V	(V*)	
-	(ARG2*	
-	*	
-	*	
-	*	
-	*	
-	*	
-	*)	

-	(ARG1*	*	*	*	*	*	*	
-	*	*	*	*	*	*	*	
-	*)	*	*	*	*	*	*	
V	(V*)	*	*	*	*	*	*	
V	(ARG2*	(V*)	*	*	*	*	*	
-	*	(ARG1*	*	*	*	*	*	
V	*	*	(V*)	*	*	*	*	
-	*	*	(ARG1*	*	*	*	*	
-	*	*	*	*	*	*	*	
-	*	*	*	*	*	*	*	
-	*)	*	*	*	*	*	*	
-	(ARG1*	*	*	*	*	*	*	
-	*	*	*	*	*	*	*	
-	*)	*	*	*	*	*	*	
-	*	*	*	*	*	*	*	
-	*	*	*	*	*	*	*	
V	*	*	*	(V*)	*	*	*	
-	*	*	*	(ARG1*	*	*	*	
V	*	*	*	*	(V*)	*	*	
-	*	*	*	*	(ARG1*	*	*	
-	*	*	*	*	*	*	*	
-	*	*	*	*	*	*	*	
-	*	*	*	*	*	*	*	
-	*	*	*	*	*	*	*	
V	*	*	*	*	*	(V*)	*	
-	*	*	*	*	*	*	*	
-	*	*	*	*	*	*	*	
-	*	*	*	*	*	*	*	
-	*	*	*	*	*	*	*	
-	*	*	*	*	*	*	*	
-	*	*	*	*	*	*	*	
-	*	*	*	*	*	*	*	
-	*	*	*	*	*	*	*	
V	*	*)	*)	*)	*)	*	(V*)	
-	*	*	*	*	*	*	*	
-	*	*	*	*	*	*	*	
-	*	*	*	*	*	*	*	

-	*	(ARG0*	*	*	*	*	*	*	
V	(V*)	*)	*	*	*	*	*	*	
V	*	(V*)	*	*	*	*	*	*	
-	*	(ARG1*	*	*	*	*	*	*	
-	*	*	*	*	*	*	*	*	
-	*	*	*	*	*	*	*	*	
V	*	*	(V*)	*	*	*	*	*	
-	(ARG1*)	*	*	*	*	*	*	*	
-	(ARG1*	*	*	*	*	*	*	*	
V	*	*	*	(V*)	*	*	*	*	
-	*	*	*	(ARG1*	*	*	*	*	
-	*	*	*	*	*	*	*	*	
-	*	*	*	*	*	*	*	*	
-	*	*	*	*	*	*	*	*	
-	*	*	*	*	*	*	*	*	
-	*	*	*	*	*	*	*	*	
-	*	*	*	*	*	*	*	*	
-	*	*	*	*	*	*	*	*	
-	*	*	*	*	*	*	*	*	
V	*	*	*	*	(V*)	*	*	*	
-	*	*	*	*	(ARG1*	*	*	*	
-	*	*	*	*	*	*	*	*	
-	*	*	*	*	*	*	*	*	
-	*	*	*	*	*	*	*	*	
-	*	*	*	*	*	*	*	*	
-	*	*	*	*	*	*	*	*	
-	*	*	*	*	*	*	*	*	
-	*	*	*	*	*	*	*	*	
-	*	*	*	*	*	*	*	*	
-	*	*	*	*	*	*	*	*	
V	*	*	*	*	*	(V*)	*	*	
-	*	*	*	*	*	*	*	*	
V	*	*	*	*	*	*	(V*)	*	
-	*	*	*	*	*	*	*	*	
-	*	*	*	*	*	*	*	*	
-	*	*	*	*	*	*	*	*	
-	*	*	*	*	*	*	*	*	
-	*	*	*	*	*	*	*	*	
-	*	*	*	*	*	*	*	*	
-	*	*	*	*	*	*	*	*	
V	*	*	*	*	*	*	*	(V*)	
-	*	*	*	*	*	*	*	*	
-	*)	*)	*	*)	*)	*	*	*	

-	

V	(V*)	
-	*	
-	*	
-	*	
-	*	
-	*	
-	*	
-	*	
-	*	
-	*	
-	*	
-	*	

-	
-	
-	
-	
-	
-	
-	
-	
-	
-	

-	

-	*	*	
-	*	*	
V	(V*)	*	
-	*	*	
-	*	*	
V	*	(V*)	
-	*	(ARG2*	
-	*	*	
-	*	*	
-	*	*	
-	*	*	
-	*	*	
-	*	*	
-	*	*	
-	*	*)	

-	
-	
-	
-	
-	
-	

-	*	*	*	*	*	*	*	*	*	
-	*	*	*	*	*	*	*	*	*	
-	*	*	*	*	*	*	*	*	*	
-	*	*	*	*	*	*	*	*	*	
-	(ARG1*)	(ARG1*	*	*	*	*	*	*	*	
V	(V*)	*)	*	*	*	*	*	*	*	
-	*	*	*	*	*	*	*	*	*	
-	(ARGM-ADJ*)	*	*	*	*	*	*	*	*	
-	*	(ARG1*)	*	*	*	*	*	*	*	
V	*	(V*)	*	*	*	*	*	*	*	
-	*	(ARG2*	*	*	*	*	*	*	*	
-	*	*)	*	*	*	*	*	*	*	
-	*	*	*	(ARG1*	*	*	*	*	*	
-	*	*	*	*	*	*	*	*	*	
-	*	*	*	*	*	*	*	*	*	
-	*	*	*	*	*	*	*	*	*	
V	*	*	(V*)	*)	*	*	*	*	*	
V	*	*	*	(V*)	*	*	*	*	*	
-	*	*	*	*	*	*	*	*	*	
-	*	*	*	*	*	*	*	*	*	
-	*	*	*	*	*	*	*	*	*	
-	*	*	*	*	*	(ARG0*)	*	*	*	
-	*	*	*	*	*	*	*	*	*	
-	*	*	*	*	*	*	*	*	*	
-	*	*	*	*	*	*	*	*	*	
V	*	*	*	*	(V*)	*	*	*	*	
V	*	*	*	*	*	(V*)	*	*	*	
-	*	*	*	*	*	(ARG1*	*	*	*	
V	*	*	*	*	*	*	(V*)	*	*	
-	*	*	*	*	*	*	(ARG1*	*	*	
-	(ARGM-ADJ*)	*	*	*	*	*	*	*	*	
-	*	*	*	*	*	*)	*)	*	*	
-	(ARG1*	*	*	*	*	*	*	*	*	
-	*	*	*	*	*	*	*	*	*	
-	*	*	*	*	*	*	*	*	*	
-	*	*	*	*	*	*	*	*	*	
-	*)	*	*	*	*	*	*	*	*	
-	*	*	*	*	*	*	*	*	*	
-	*	*	*	*	*	*	*	*	(ARG1*	
-	*	*	*	*	*	*	*	*	*	
-	*	*	*	*	*	*	*	*	*	
V	*	*	*	*	*	*	*	(V*)	*)	
V	*	*	*	*	*	*	*	*	(V*)	
-	*	*	*	*	*	*	*	*	(ARGM-TMP*	
-	*	*	*	*	*	*	*	*	*)	
-	*	*	*	*	*	*	*	*	(ARGM-TMP*)	
-	*	*	*	*	*	*	*	*	*	
-	*	*	*	*	*	*	*	*	*	
-	*	*	*	*	*	*	*	*	*	

V	(V*)	*	*	*	*	
-	*	*	*	*	*	
-	*	*	*	*	*	
-	*	*	*	*	*	
-	*	*	*	*	*	
-	*	*	*	*	*	
-	*	*	*	*	*	
V	*	(V*)	*	*	*	
-	*	*	*	*	*	
-	*	*	*	*	*	
-	*	*	*	(ARG0*	*	
-	*	*	*	*	*	
-	*	*	*	*)	*	
V	*	*	(V*)	*	*	
V	*	*	*	(V*)	*	
-	*	*	*	(ARG1*	*	
-	*	*	*	*	*	
-	*	*	*	*	*	
-	*	*	*	*	*	
-	(ARG1*)	*	*	*	*	
-	*	*	*	*	*	
V	(ARG1*)	*	*	*	(V*)	
-	(ARG1*	*	*	*	*	
-	*	*	*	*	*	
-	*	*	*	*	*	
-	*	*	*	*	*	
-	*)	*	*	*)	*	
-	*	*	*	*	*	

-	(ARG1*	*	*	
-	*	*	*	
-	*	*	*	
-	*)	*	*	
-	*	*	*	
-	(ARG1*	*	*	
-	*	*	*	
-	*)	*	*	
-	*	*	*	
-	*	*	*	
V	(ARGM-ADV*)	*	*	
-	(ARG1*	*	*	
-	*	*	*	
-	*	*	*	
-	*	*	*	
-	*	*	*	
-	*	*	*	
-	*	*	*	
-	*	*	*	
-	*	*	*	
-	*	*	*	
-	*)	*	*	
-	*	*	(ARG1*	
-	*	*	*)	
-	*	*	*	
-	*	*	(ARGM-MOD*)	
V	*	(V*)	(ARGM-ADV*)	
V	*	*	(V*)	
-	*	*	(ARG1*	
-	*	*	*	
-	*	*	*)	
-	*	*	*	
-	*	*	(ARGM-TMP*)	
-	*	*	*	

-	
-	
-	

-	

-	
-	
-	
-	
-	
-	

-	(ARG0*)	*	*	
V	(V*)	*	*	
-	(ARG1*	*	*	
-	*	*	*	
-	*	*	*	
-	*	*	*	
-	*	*	*	
-	*)	*	*	
-	*	*	*	
V	*	(V*)	*	
-	*	(ARG1*	(ARG0*)	
-	*	*	(ARGM-MOD*)	
V	*	*	(V*)	
-	*	*)	(ARG1*)	
-	*	*	*	

-	(ARG0*)	
-	*	
V	(V*)	
-	(ARG1*)	
-	(ARGM-TMP*	
-	*	
-	*	
-	*)	

-	*	(ARGM-DIS*)	*	*	*	*	*	
-	*	(ARG0*	*	*	*	*	*	
-	*	*)	*	*	*	*	*	
V	(V*)	*	*	*	*	*	*	
V	*	(V*)	*	*	*	*	*	
-	*	(ARG1*	*	*	*	*	*	
V	*	*	(V*)	*	*	*	*	
-	*	*	*	*	*	*	*	
-	*	*	*	*	*	*	*	
-	*	*	(ARG1*)	*	*	*	*	
-	*	*	(ARG1*	*	*	*	*	
V	*	*	*	(V*)	*	*	*	
-	*	*	*	(ARG1*)	*	*	*	
-	*	*	*	(ARG1*	*	*	*	
V	*	*	*	*	(V*)	*	*	
-	*	*	*	*	(ARG1*)	*	*	
-	*	*	*	*	(ARG1*	*	(ARG0*)	
V	*	*	*	*	*	(V*)	*	
V	*	*	*	*	*	*	(V*)	
-	*	*)	*)	*)	*)	*	*	
-	*	*	*	*	*	*	*	

-	
-	
-	

-	
-	
-	
-	
-	

V	(V*)	*	*	
-	(ARG1*	*	*	
-	*	*	*	
-	*)	*	*	
-	(ARG1*	*	*	
-	*	*	*	
-	*	(ARG0*)	*	
V	*	(V*)	*	
-	*	*	*	
-	*	(ARG1*	(ARGM-TMP*)	
-	*	*	(ARG0*)	
V	*	*	(V*)	
-	*	*	(ARG1*)	
-	*	*	*	
-	*)	*)	*	
-	*	*	*	
-	*	*	*	
-	*	*	*	
-	*	*	*	

-	
-	
-	

-	
-	
-	

-	*	*	*	*	*	*	
-	(ARG1*)	*	*	*	*	*	
V	(V*)	*	*	*	*	*	
-	*	*	*	*	*	*	
V	(ARG2*)	(V*)	*	*	*	*	
-	(ARG2*	*	*	*	*	*	
-	*	*	*	*	*	*	
-	*	*	*	*	*	*	
-	*	*	*	*	*	*	
-	*	*	*	*	*	*	
-	*	*	*	*	*	*	
-	*	*	*	*	*	*	
-	*	*	(ARG1*	*	*	*	
-	*	*	*)	*	*	*	
V	*	*	(V*)	*	*	*	
-	*	*	*	*	*	*	
-	*	*	*	*	(ARG0*	*	
-	*	*	*	*	*)	*	
V	*	*	*	(V*)	(ARGM-MOD*)	*	
-	*	*	*	*	(ARGM-MOD*)	*	
-	*	*	*	*	(ARGM-NEG*)	*	
V	*	*	*	*	(V*)	*	
-	*	*	*	*	*	*	
-	*	*	*	*	(ARG1*)	*	
-	*	*	*	*	(ARG1*	*	
V	*	*	*	*	*	(V*)	
-	*	*	*	*	*)	*	
-	*	*	*	*	*	*	
-	*)	*	*	*	*	*	

-	(ARGM-DIS*)	*	*	*	
V	(V*)	*	*	*	
-	*	*	*	*	
-	*	*	*	*	
-	*	*	*	(ARG1*	
-	*	*	*	*	
-	*	*	*	*	
-	*	*	*	*	
-	*	*	*	*	
-	*	*	*	*	
-	*	*	*	*	
-	*	*	*	*)	
V	*	(V*)	*	*	
V	*	*	(V*)	*	
V	*	*	*	(V*)	
-	*	*	*	*	

-	*	*	*	*	*	*	*	*	*	
-	*	(ARG1*)	*	*	*	*	*	*	*	
V	(V*)	*	*	*	*	*	*	*	*	
-	*	(ARGM-NEG*)	*	*	*	*	*	*	*	
V	*	(V*)	*	*	*	*	*	*	*	
-	*	(ARG1*	*	*	*	*	*	*	*	
V	*	*	(V*)	*	*	*	*	*	*	
-	*	*	(ARG1*	*	*	*	*	*	*	
-	*	*	*	*	*	*	*	*	*	
-	*	*	*	*	*	*	*	*	*	
-	*	*	*	*	*	*	*	*	*	
-	*	*)	*)	*	*	*	*	*	*	
-	*	*	*	*	*	*	*	*	*	
V	*	*	*	(V*)	*	*	*	*	*	
-	*	*	*	(ARG1*	*	*	*	*	*	
V	*	*	*	*	(V*)	*	*	*	*	
-	*	*	*	*)	(ARG1*)	*	*	*	*	
-	*	*	*	*	*	*	*	*	*	
-	*	*	*	*	*	*	*	*	*	
-	*	*	*	*	*	*	*	*	*	
-	*	*	*	*	*	*	*	*	*	
V	*	*	*	*	*	(V*)	*	*	*	
-	*	*	*	*	*	(ARGM-LOC*	*	*	*	
-	*	*	*	*	*	*	*	*	*	
V	*	*	*	*	*	*)	(V*)	*	*	
-	*	*	*	*	*	*	*	*	*	
-	*	*	*	*	*	*	*	*	*	
V	*	*	*	*	*	*	*	(V*)	*	
-	*	*	*	*	*	*	*	(ARG1*)	*	
-	*	*	*	*	*	*	*	*	*	
-	(ARG1*	*	*	*	*	*	*	*	*	
V	*)	*	*	*	*	*	*	*	(V*)	
-	*	*	*	*	*	*	*	*	*	

-	

-	
-	
-	

-	*	(ARG1*	*	*	
V	(V*)	*)	*	*	
V	*	(V*)	*	*	
-	*	*	*	*	
-	*	*	*	(ARG1*	
-	*	*	*	*	
-	*	*	*	*	
-	*	*	*	*	
-	*	*	*	*	
-	*	*	*	*)	
-	*	*	*	*	
-	*	*	*	(ARG1*	
-	*	*	*	*	
-	*	*	*	*	
V	*	*	(V*)	*)	
-	*	*	*	*	
-	*	*	*	(ARG0*	
-	*	*	*	*	
-	*	*	*	*)	
V	*	*	*	(V*)	
-	*	*	*	(ARG1*	
-	*	*	*	*	
-	*	*	*	*	
-	*	*	*	*	
-	*	*	*	*	
-	*	*	*	*	
-	*	*	*	*	
-	*	*	*	*)	
-	*	*	*	*	
-	*	*	*	*	
-	*	*	*	*	

-	*	(ARG1*	
V	(V*)	*	
-	*	*	
-	*	*	
-	*	*	
-	*	*)	
-	*	*	
-	*	*	
-	(ARG1*)	*	
-	*	*	
-	*	*	
-	*	*	
-	*	*	
V	*	(V*)	
-	*	(ARG2*	
-	*	*)	
-	*	*	

-	(ARG1*)	*	*	*	*	*	*	*	
V	(V*)	*	*	*	*	*	*	*	
V	*	(V*)	*	*	*	*	*	*	
-	*	(ARG2*	*	*	*	*	*	*	
-	*	*	(ARGM-ADJ*)	*	*	*	*	*	
V	*	*)	(V*)	*	*	*	*	*	
-	*	(ARG1*	*	*	*	*	*	*	
V	*	*	*	(V*)	*	*	*	*	
-	*	*	*	*	*	*	*	*	
-	*	*	*	(ARG1*)	*	*	*	*	
-	*	*	*	(ARG1*	*	*	*	*	
-	*	*	*	*	*	*	*	*	
-	*	*)	*	*)	*	*	*	*	
-	*	*	*	*	*	*	*	*	
-	*	*	*	*	*	(ARG0*)	*	*	
V	*	*	*	*	(V*)	(ARGM-MOD*)	*	*	
V	*	*	*	*	*	(V*)	*	*	
-	*	*	*	*	*	*	*	*	
-	*	*	*	*	*	*	*	*	
-	*	*	*	*	*	*	*	*	
V	*	*	*	*	*	*	(V*)	*	
-	*	*	*	*	*	*	*	(R-ARG0*)	
-	*	*	*	*	*	*	*	(ARGM-MOD*)	
V	*	*	*	*	*	*	*	(V*)	
-	*	*	*	*	*	*	*	*	
-	*	*	*	*	*	*	*	(ARG1*	
-	*	*	*	*	*	*	*	*	
-	*	*	*	*	*	*	*	*	
-	*	*	*	*	*	*	*	*)	

-	
-	
-	
-	

-	(ARG0*	*	
-	*	*	
-	*	*	
-	*	*	
-	*)	*	
V	(V*)	*	
-	(ARG1*)	*	
-	*	*	
-	*	*	
-	*	*	
-	*	*	
-	*	*	
-	*	*	
-	*	*	
-	*	*	
V	*	(V*)	
-	*	*	
-	*	*	
-	*	*	

-	(ARG1*)	*	
V	(V*)	*	
-	*	*	
-	(ARG2*)	*	
-	*	*	
-	*	*	
-	*	*	
-	*	*	
-	*	*	
-	*	*	
-	*	*	
-	*	*	
-	*	*	
-	*	*	
-	*	*	
-	*	*	
V	*	(V*)	
-	*	*	

-	*	*	*	*	*	*	
-	(ARG0*	*	*	*	*	*	
-	*)	*	*	*	*	*	
-	(ARGM-MOD*)	*	*	*	*	*	
V	(V*)	*	*	*	*	*	
-	(ARG1*	*	*	*	*	*	
-	*)	*	*	*	*	*	
-	*	*	*	*	*	*	
-	(ARG1*	(ARGM-MOD*)	*	*	*	*	
-	*	(ARGM-NEG*)	*	*	*	*	
-	*	(ARGM-NEG*)	*	*	*	*	
V	*	(V*)	*	*	*	*	
V	*	(ARG1*	(V*)	*	*	*	
-	*	*	(ARG1*	*	*	*	
-	*	*	*	*	*	*	
-	*)	*)	*)	*	*	*	
-	*	*	*	*	*	*	
-	*	*	*	*	*	*	
-	*	*	*	(ARGM-MOD*)	*	*	
-	*	*	*	(ARGM-DIS*)	*	*	
V	*	*	*	(V*)	*	*	
V	*	*	*	(ARG1*	(V*)	*	
-	*	*	*	*	(ARG1*	*	
V	*	*	*	*	*)	(V*)	
-	*	*	*	*	(ARG2*	*	
-	*	*	*	*)	*)	*	
-	*	*	*	*	*	*	

-	
-	

-	

V	(V*)	
-	*	
-	*	
-	*	
-	*	
-	*	
-	*	
-	*	
-	*	
-	*	
-	*	

-	
-	
-	
-	
-	
-	

-	
-	
-	

-	(ARG0*)	*	
V	(V*)	*	
-	(ARG1*	*	
-	*)	*	
-	(ARG1*	*	
V	*	(V*)	
-	*	(ARG1*	
-	*	*	
-	*)	*)	
-	*	*	

-	(ARG0*)	*	*	
V	(V*)	*	*	
-	(ARG1*	*	*	
-	*	*	*	
-	*)	*	*	
-	*	*	*	
-	*	*	*	
-	*	*	(ARG1*)	
V	*	(V*)	*	
V	*	(ARG2*	(V*)	
-	*	*	*	
-	*	*)	*	
-	*	*	*	

-	(ARG0*)	*	*	*	*	*	
V	(V*)	*	*	*	*	*	
V	(ARG1*	(V*)	*	*	*	*	
V	*	(ARG1*	(V*)	*	*	*	
-	*	*	*	*	*	*	
V	*	*)	*	(V*)	*	*	
-	*	(ARG1*	*	*	*	*	
-	*	*	*	*	*	*	
V	*	*	*	*	(V*)	*	
-	*	*	*	*	(ARG1*	*	
-	*	*	*	*	*	*	
-	*	*	*	*	*	*	
-	*	*	*	*	*	*	
V	*)	*)	*	*	*)	(V*)	
-	*	*	*	*	*	*	

-	(ARG0*)	*	*	*	
V	(V*)	*	*	*	
-	(ARG1*	*	*	*	
V	*)	(V*)	*	*	
-	*	*	*	*	
V	(ARG1*	*	(V*)	*	
-	*	*	(ARG1*	*	
V	*	*	*	(V*)	
-	*	*	*	(ARG1*)	
-	*	*	*	(ARG2*	
-	*	*	*	*	
-	*)	*	*)	*)	
-	*	*	*	*	

-	*	*	
-	(ARG0*)	*	
V	(V*)	*	
-	(ARG1*	*	
-	*	*	
-	*	*	
-	*)	*	
-	(ARGM-PRP*	*	
V	*	(V*)	
-	*	(ARG1*	
-	*	*)	
-	*	(ARG2*	
-	*)	*)	
-	*	*	

-	(ARG1*	
-	*	
-	*	
-	*	
-	*)	
-	(ARGM-ADJ*)	
-	*	
-	(ARG2*	
-	*)	
-	*	
V	(V*)	
-	(ARG2*	
-	*	
-	*)	
-	*	

-	(ARG0*)	
V	(V*)	
-	(ARG1*	
-	*	
-	*	
-	*)	
-	*	

-	(ARG0*)	
-	*	
V	(V*)	
-	(ARG1*	
-	*	
-	*)	
-	*	

-	(ARG0*	*	*	
-	*)	*	*	
-	*	*	*	
-	(ARG0*)	*	*	
-	(ARGM-MOD*)	*	*	
V	(V*)	*	*	
-	(ARG1*	*	*	
-	*)	*	*	
-	(ARG1*	*	*	
V	*	(V*)	*	
-	*	(ARG2*)	*	
V	*	(ARG1*	(V*)	
-	*	*	(ARG1*	
-	*)	*)	*)	

-	*	
-	*	
V	(V*)	
-	*	
-	*	

-	*	*	*	*	(ARG1*)	
-	*	*	*	*	*	
V	(V*)	*	*	*	*	
-	*	(ARGM-ADV*)	*	*	*	
-	*	*	*	*	*	
-	*	(ARG1*)	*	*	*	
V	*	(V*)	*	*	*	
-	*	(ARG2*	*	*	*	
-	*	*	*	*	*	
-	*	*	*	*	*	
-	*	*	*	*	*	
-	*	*)	*	*	*	
V	*	*	(V*)	*	*	
-	*	*	*	*	*	
V	*	*	*	(V*)	*	
-	*	*	*	*	(ARG0*)	
V	*	*	*	*	(V*)	
-	*	*	*	*	(ARG1*	
-	*	*	*	*	*)	

-	*	
V	(V*)	
-	*	
-	*	
-	*	
-	*	
-	*	
-	*	
-	*	

-	*	
-	*	
-	*	
-	*	
-	*	
-	*	
V	(V*)	
-	*	
-	(ARGM-ADJ*)	
-	*	
-	*	

-	
-	
-	
-	
-	
-	
-	
-	
-	
-	

-	*	
-	*	
-	*	
-	*	
-	*	
V	(V*)	
-	(ARG2*	
-	*	
-	*	
-	*)	
-	*	

-	

V	(V*)	*	
-	(ARG1*)	*	
-	*	*	
-	*	*	
-	*	(ARG1*	
-	*	*)	
V	*	(V*)	
-	*	(ARGM-LOC*	
-	*	*	
-	*	*	
-	*	*	
-	*	*	
-	*	*	
-	*	*	
-	*	*	
-	*	*	
-	*	*	
-	*	*	
-	*	*)	

-	*	*	
-	*	*	
-	*	*	
-	*	*	
-	*	*	
-	*	*	
-	*	*	
-	*	*	
-	*	*	
-	*	*	
-	*	*	
-	*	*	
-	(ARG0*)	*	
V	(V*)	*	
-	(ARG1*)	*	
-	*	*	
-	*	(ARG0*)	
V	*	(V*)	
-	*	(ARG1*)	
-	*	*	

-	(ARG0*)	*	
V	(V*)	*	
-	(ARG1*	*	
V	*	(V*)	
-	*	(ARG1*	
-	*	*	
-	*	*	
-	*	*	
-	*)	*	
-	(ARG1*	*	
-	*	*	
-	*)	*	
-	*	*)	
-	*	*	

-	(ARG1*)	*	
V	(V*)	*	
-	*	*	
-	*	*	
V	*	(V*)	
-	*	*	
-	*	*	
-	*	*	

V	(V*)	
-	*	
-	*	
-	*	
-	*	
-	*	

-	*	(ARG0*)	*	
V	(V*)	*	*	
V	*	(V*)	*	
-	*	(ARG1*	*	
V	*	*	(V*)	
-	*	*	(ARG1*	
-	*	*	*	
-	*	*	*	
-	*	*	*	
-	*	*	*	
-	*	*)	*)	
-	*	*	*	

-	*	*	*	*	*	*	*	*	*	*	
-	(ARG0*)	*	*	*	*	*	*	*	*	*	
V	(V*)	*	*	*	*	*	*	*	*	*	
-	(ARG1*	*	*	*	*	*	*	*	*	*	
-	*	*	*	*	*	*	*	*	*	*	
-	*	*	*	*	*	*	*	*	*	*	
-	*)	*	*	*	*	*	*	*	*	*	
V	*	(V*)	(ARG0*	*	*	*	*	*	*	*	
-	*	*	*	*	*	*	*	*	*	*	
-	*	*	*	*	*	*	*	*	*	*	
-	*	*	*	*	*	*	*	*	*	*	
-	*	*	*)	*	*	*	*	*	*	*	
V	*	*	(V*)	*	*	*	*	*	*	*	
-	*	*	*	*	*	*	*	*	*	*	
-	*	*	(ARG2*	*	*	*	*	*	*	*	
-	*	*	*	*	*	*	*	*	*	*	
V	*	*	*)	(V*)	*	*	*	*	*	*	
-	*	*	*	*	*	*	*	*	*	*	
-	*	*	*	*	*	*	*	*	*	*	
-	*	*	*	*	*	*	*	*	*	*	
V	*	*	*	*	(V*)	*	*	*	*	*	
-	*	*	*	*	*	*	*	*	*	*	
V	*	*	*	*	*	(V*)	*	*	*	*	
V	*	*	*	*	*	(ARG2*)	(V*)	*	*	*	
-	*	*	(ARG1*	*	*	*	*	*	*	*	
V	*	*	*	*	*	*	*	(V*)	*	*	
-	*	*	*	*	*	*	*	(ARG1*	*	*	
-	*	*	*	*	*	*	*	*)	*	*	
-	*	*	*	*	*	*	*	*	*	*	
-	*	*	*	*	*	*	*	*	*	*	
V	*	*	*)	*	*	*	*	*	(V*)	*	
-	*	*	*	*	*	*	*	*	*	*	
-	*	*	*	*	*	*	*	*	(ARG1*	*	
V	*	*	*	*	*	*	*	*	*)	(V*)	
-	*	*	*	*	*	*	*	*	*	*	

-	

-	(ARG0*)	*	*	
V	(V*)	*	*	
-	(ARG1*	*	*	
-	*	*	*	
-	*	*	*	
-	*	*	*	
-	*	*	*	
-	*)	*	*	
V	(ARG1*)	(V*)	*	
-	(ARGM-ADJ*	*	*	
-	*)	*	*	
-	*	*	*	
V	*	*	(V*)	
-	*	*	*	
-	*	*	(ARG2*)	
-	*	*	(ARGM-TMP*)	
-	*	*	*	

-	*	
-	*	
V	(V*)	
-	(ARG1*)	
-	*	

-	*	(ARG1*	
V	(V*)	*)	
-	*	*	
-	*	*	
-	*	*	
-	*	*	
-	*	*	
-	*	*	
-	*	*	
-	*	*	
-	*	*	
-	*	*	
-	*	*	
-	*	*	
V	*	(V*)	
-	*	*	

-	(ARG0*)	*	
V	(V*)	*	
-	(ARG1*)	*	
-	*	*	
-	*	*	
-	*	*	
-	*	*	
-	*	*	
-	*	*	
-	*	*	
-	*	*	
-	*	*	
-	*	*	
-	*	*	
-	*	*	
-	*	*	
-	*	*	
-	*	*	
-	*	*	
-	*	*	
-	*	(ARG1*)	
V	*	(V*)	
-	*	*	

-	
-	
-	
-	
-	
-	
-	
-	
-	
-	
-	
-	
-	
-	

-	
-	
-	
-	

-	(ARG0*	*	
-	*	*	
-	*	*	
-	*)	*	
-	*	*	
-	*	*	
-	*	*	
-	*	*	
-	*	*	
-	*	*	
-	*	*	
-	*	*	
-	*	*	
V	(V*)	*	
-	(ARG1*	*	
V	*)	(V*)	
-	(ARG2*	*	
-	*	*	
-	*	*	
-	*)	*	
-	*	*	
-	*	*	
-	*	*	
-	*	*	

-	*	(ARG1*)	
V	(V*)	*	
-	*	*	
V	*	(V*)	
-	*	(ARG1*	
-	*	*)	
-	*	*	

-	(ARG1*	*	*	
-	*)	*	*	
-	*	*	*	
V	(V*)	*	*	
V	(ARG1*	(V*)	*	
-	*	*	*	
-	*	*	*	
V	*)	*	(V*)	
-	*	*	*	

-	*	(ARG1*)	*	
V	(V*)	*	*	
V	*	(V*)	*	
-	*	*	*	
-	*	(ARG1*)	*	
-	*	*	*	
-	*	*	*	
-	*	*	*	
-	*	*	*	
-	*	*	*	
-	*	*	*	
-	*	*	*	
-	*	*	*	
-	*	*	*	
V	*	*	(V*)	
-	*	*	*	

-	*	(ARG1*	*	
-	*	*)	*	
V	(V*)	*	*	
V	*	(V*)	*	
-	*	(ARG1*	(ARG0*)	
V	*	*)	(V*)	
-	*	*	*	
-	*	*	*	
-	*	*	(ARG1*)	
-	*	*	*	
-	*	*	(ARGM-TMP*)	
-	*	*	*	

-	*	*	*	*	*	*	*	
-	*	(ARG0*)	*	*	*	*	*	
V	(V*)	*	*	*	*	*	*	
V	*	(V*)	*	*	*	*	*	
-	*	(ARG1*	*	*	*	*	*	
-	*	*	*	*	*	*	*	
V	*	*	(V*)	*	*	*	*	
-	*	*	(ARG1*	*	*	*	*	
-	*	*	*	*	*	*	*	
-	*	*	*	*	*	*	*	
-	*	*	*)	*	*	*	*	
-	*	*	*	*	*	*	*	
-	*	*	*	*	*	*	*	
V	*	*	*	(V*)	*	*	*	
-	*	*	*	(ARG1*	*	*	*	
-	*	*	*	*	*	*	*	
-	*	*	*	*)	*	*	*	
-	*	*	*	(ARGM-LOC*	*	*	*	
-	*	*	*	*	*	*	*	
-	*	*	*	*	*	*	*	
V	*	*	*	*)	(V*)	*	*	
-	*	*	*	*	*	*	*	
-	*	*	*	*	*	*	*	
V	*	*	*	*	*	(V*)	*	
-	*	*	*	*	*	(ARGM-LOC*	*	
-	*	*	*	*	*	*	*	
-	*	*	*	*	*	*	*	
-	*	*	*	*	*	*	*	
-	*	*	*	*	*	*	*	
-	*	*	*	*	*	*	*	
-	*	*	*	*	*	*	*	
V	*	*	*	*	*	*)	(V*)	
-	*	*)	*	*	*	*	*	

-	(ARG1*	*	*	
-	*	*	*	
-	*	*	*	
-	*	*	*	
-	*	*	*	
-	*	*	*	
-	*	*	*	
-	*	*	*	
-	*	*	*	
-	*	*	*	
-	*	*	*	
-	*)	*	*	
V	(V*)	*	*	
-	*	*	*	
V	*	(V*)	*	
-	*	*	*	
V	*	*	(V*)	
-	*	*	*	
-	*	*	*	
-	*	*	*	

-	(ARG1*)	*	
V	(V*)	*	
-	(ARG2*	*	
-	*)	*	
-	*	(ARG1*)	
V	*	(V*)	
-	*	(ARG2*	
-	*	*)	

-	*	*	*	*	*	*	*	
-	(ARG0*)	*	*	*	*	*	*	
-	*	*	*	*	*	*	*	
-	*	*	*	*	*	*	*	
-	*	*	*	*	*	*	*	
-	(ARG0*	*	*	*	*	*	*	
-	*)	*	*	*	*	*	*	
-	(ARGM-MOD*)	*	*	*	*	*	*	
V	(V*)	*	*	*	*	*	*	
-	(ARG1*	*	*	*	*	*	*	
-	*)	*	*	*	*	*	*	
-	*	*	*	*	*	*	*	
-	*	(ARG0*	*	*	*	*	*	
-	*	*)	*	*	*	*	*	
-	*	(ARGM-MOD*)	*	*	*	*	*	
V	*	(V*)	*	*	*	*	*	
-	*	(ARG1*	*	*	*	*	*	
V	*	*)	(V*)	*	*	*	*	
-	*	(ARG2*	*	*	*	*	*	
-	*	*	*	*	*	*	*	
-	*	*	*	*	*	*	*	
-	*	*)	*	*	*	*	*	
-	*	*	*	*	*	*	*	
-	*	*	*	(ARG0*	*	*	*	
-	*	*	*	*	*	*	*	
-	*	*	*	*)	*	*	*	
-	*	*	*	(ARGM-MOD*)	*	*	*	
V	*	*	*	(V*)	*	*	*	
-	*	*	*	(ARG1*	*	*	*	
-	*	*	*	*	*	*	*	
-	*	*	*	*	(ARG0*	*	*	
-	*	*	*	*	*)	*	*	
-	*	*	*	*	(ARG0*)	*	*	
-	*	*	*	*	(ARGM-MOD*)	*	*	
V	*	*	*	*	(V*)	*	*	
-	*	*	*	*)	(ARG1*)	*	*	
V	*	*	*	*	*	(V*)	*	
-	*	*	*	*	*	(ARG1*	*	
V	*	*	*	*	*	*)	(V*)	
-	*	*	*	*	*	*	*	

-	*	*	*	*	
-	*	*	*	*	
-	*	*	*	*	
V	(V*)	*	*	*	
-	*	*	*	*	
-	*	*	*	*	
-	(ARGM-ADJ*)	*	*	*	
-	(ARG1*)	*	*	*	
V	*	(V*)	*	*	
-	*	(ARG1*	*	*	
V	*	*)	(V*)	*	
-	(ARG1*	*	*	*	
-	*	*	*	*	
-	*	*	*	*	
-	*	*	*	*	
V	*	*	*	(V*)	
-	*)	*	*	*	
-	*	*	*	*	

-	
-	
-	
-	
-	
-	
-	
-	
-	
-	
-	
-	
-	
-	
-	

-	
-	
-	

V	(V*)	
-	*	
-	*	
-	*	

-	*	*	*	*	
-	*	*	*	*	
-	*	*	*	*	
-	*	*	*	*	
-	*	*	*	*	
-	*	*	*	*	
-	*	*	*	*	
-	*	*	*	*	
-	*	*	*	*	
-	(ARGM-ADJ*)	*	*	*	
-	(ARGM-ADJ*)	*	*	*	
-	*	*	*	*	
-	*	*	*	*	
V	(V*)	*	*	*	
-	(ARG2*)	*	*	*	
-	*	*	*	*	
-	*	*	*	*	
-	*	*	*	*	
-	*	*	(ARG0*)	*	
V	*	(V*)	*	*	
V	*	*	(V*)	*	
-	*	*	(ARG1*	*	
V	*	*	*	(V*)	
-	*	*	*	(ARG1*)	
-	*	*	*	(ARG1*	
-	*	*	*	*	
-	*	*	*)	*)	
-	(ARG1*	*	*	*	
-	*	*	*	*	
-	*)	*	*	*	
-	*	*	*	*	

-	
-	
-	
-	

-	(ARG0*)	*	*	*	
V	(V*)	*	*	*	
-	*	*	*	*	
-	(ARG1*	*	*	*	
V	*	(V*)	*	*	
-	*	(ARG1*	*	*	
-	*	*)	*	*	
-	*	*	*	*	
-	*)	*	*	*	
V	*	*	(V*)	*	
-	*	*	*	*	
V	*	*	*	(V*)	
-	*	*	*	(ARG2*	
-	*	*	*	*	
-	*	*	*	*)	
-	*	*	*	*	

-	(ARG1*)	*	*	
V	(V*)	*	*	
-	*	*	*	
-	*	*	*	
-	(ARG2*)	*	*	
-	*	*	*	
-	*	(ARG0*)	*	
V	*	(V*)	*	
-	*	(ARG1*	*	
-	*	*	*	
-	*	*	*	
-	*	*	*	
-	*	*	*	
-	*	*	*	
-	*	*	*	
-	*	*	*	
-	*	*	*	
-	*	*	*	
-	*	*	*	
-	*	*	*	
-	*	*)	*	
V	*	*	(V*)	
-	*	*	(ARG2*	
-	*	*	*	
-	*	*	*	
-	*	*	*)	

-	*	(ARG0*)	*	*	*	
V	(V*)	*	*	*	*	
-	*	(ARGM-NEG*)	*	*	*	
V	*	(V*)	*	*	*	
-	*	(ARG1*	*	*	*	
V	*	*)	(V*)	*	*	
-	*	(ARG1*	*	*	*	
V	*	*)	*	(V*)	*	
-	*	*	*	*	*	
-	*	*	*	(ARG1*)	*	
V	*	*	*	*	(V*)	
-	*	*	*	*	(ARG1*)	
-	*	*	*	*	*	
-	*	*	*	*	*	
-	*	*	*	*	*	
-	*	*	*	*	*	
-	*	*	*	*	*	
-	*	*	*	*	*	

-	
-	
-	

-	*	*	*	*	*	
-	*	*	*	*	*	
V	(V*)	*	*	*	*	
-	(ARG1*	*	*	*	*	
-	*	*	(ARG0*)	*	*	
V	*	(V*)	*	*	*	
-	*	*	*	*	*	
V	*	*	(V*)	*	*	
-	*	*	(ARG1*	*	*	
-	*)	*	*	*	*	
-	(ARG1*	*	*	*	*	
-	*	*	*	*	*	
-	*	*	*	*	*	
-	*)	*	*	*	*	
-	(ARG1*	*	*	*	*	
V	*)	*	*)	(V*)	*	
-	*	*	*	*	*	
-	*	*	*	*	*	
-	*	*	*	*	(ARG0*)	
V	*	*	*	*	(V*)	
-	*	*	*	*	*	

-	*	*	*	*	*	*	*	
-	*	*	*	*	*	*	*	
-	*	(ARG1*)	*	*	*	*	*	
V	(V*)	*	*	*	*	*	*	
-	*	*	*	*	*	*	*	
V	*	(V*)	*	*	*	*	*	
-	*	(ARG1*	*	*	*	*	*	
-	*	*)	*	*	*	*	*	
-	*	*	*	*	*	*	*	
V	*	*	(V*)	*	*	*	*	
-	*	*	(ARG1*)	*	*	*	*	
-	*	*	(ARG1*	*	(ARG0*	*	*	
-	*	*	*	*	*	*	*	
-	*	*	*	*	*	*	*	
-	*	*	*	*	*	*	*	
-	*	*	*	*	*	*	*	
-	*	*	*	*	*)	*	*	
V	*	*	*	(V*)	(ARGM-MOD*)	*	*	
-	*	*	*	*	(ARGM-NEG*)	*	*	
V	*	*	*	*	(V*)	*	*	
-	*	*	*	*	(ARG1*	*	*	
V	*	*	*	*	*)	(V*)	*	
-	*	*	*	*	(ARG1*	*	*	
V	*	*	*	*	*	*	(V*)	
-	*	*	*	*	*)	*	(ARG1*)	
-	*	*	*	*	*	*	*	
-	*	*	*	*	*	*	*	
-	*	*	*)	*	*	*	*	
-	*	*	*	*	*	*	*	
-	*	*	*	*	*	*	*	

-	*	*	
-	*	*	
-	*	*	
-	*	*	
-	(ARG0*)	*	
-	(ARGM-MOD*)	*	
V	(V*)	*	
-	(ARG1*)	*	
-	*	*	
-	*	*	
-	(ARG1*	*	
-	*	*	
V	*	(V*)	
-	*)	*	
-	*	(ARG1*	
-	*	*)	
-	*	*	
-	(ARGM-TMP*)	*	
-	*	*	

-	(ARG1*)	*	*	*	*	*	*	*	*	*	
-	*	*	*	*	*	*	*	*	*	*	
V	(V*)	*	*	*	*	*	*	*	*	*	
V	(ARG2*	(V*)	*	*	*	*	*	*	*	*	
-	*	*	*	*	*	*	*	*	*	*	
V	*	*	(V*)	*	*	*	*	*	*	*	
-	*	*	*	*	*	*	*	*	*	*	
-	*	*	*	*	*	*	*	*	*	*	
-	*	*	(ARG1*	*	*	*	*	*	*	*	
-	*	*	*	(ARG0*)	*	*	*	*	*	*	
-	*	*	*	(ARGM-MOD*)	*	*	*	*	*	*	
-	*	*	*	(ARGM-NEG*)	*	*	*	*	*	*	
V	*	*	*	(V*)	*	*	*	*	*	*	
-	*	*	*	(ARG1*	*	*	*	*	*	*	
-	*	*	*	*	*	*	*	*	*	*	
-	*	*	*	*	*	*	*	*	*	*	
-	*	*	*	*	*	*	*	*	*	*	
-	*	*	*	*	*	*	*	*	*	*	
V	*	*	*	*	(V*)	(ARGM-MOD*)	*	*	*	*	
V	*	*	*	*	*	(V*)	*	*	*	*	
-	*	*	*	*	*	*	*	*	*	*	
-	*	*	*	*	*	(ARG1*)	*	*	*	*	
V	*	*	*	*	*	(ARG1*	(V*)	*	*	*	
-	*	*	*	*	*	*	*	(R-ARG0*)	*	*	
V	*	*	*	*	*	*	*	(V*)	*	*	
-	*	*	*	*	*	*	*	(ARG1*	*	*	
V	*	*	*	*	*	*	*	*	(V*)	*	
-	*	*	*	*	*	*	*	*	(ARG1*	*	
V	*	*	*	*	*	*)	*	*)	*)	(V*)	
-	*)	*	*)	*)	*	*	*	*	*	*	

-	
-	

-	

V	(V*)	
-	*	
-	*	
-	*	
-	*	
-	*	
-	*	
-	*	
-	*	
-	*	
-	*	

-	
-	
-	
-	
-	
-	
-	
-	

-	
-	

-	*	*	*	*	*	*	
-	(ARG1*)	*	*	*	*	*	
V	(V*)	*	*	*	*	*	
-	(ARG2*	*	*	*	*	*	
-	*	*	*	*	*	*	
-	*	*	*	*	*	*	
-	*	*	*	*	*	*	
-	*	*	*	*	*	*	
-	*	*	*	*	*	*	
V	*	(V*)	*	*	*	*	
V	*	*	(V*)	*	*	*	
V	*	*	(ARG1*)	(V*)	*	*	
-	*	*	(ARG1*	*	*	*	
V	*	*	*	*	(V*)	*	
-	*	*	*	*	*	(R-ARG0*)	
V	*	*	*	*	*	(V*)	
-	*)	*	*)	*	*	(ARG1*)	
-	*	*	*	*	*	*	

-	*	(ARG0*)	*	*	*	*	*	
V	(V*)	*	*	*	*	*	*	
V	*	(V*)	*	*	*	*	*	
-	*	(ARG1*	*	*	*	*	*	
V	*	*)	(V*)	*	*	*	*	
-	*	*	*	*	*	*	*	
-	*	*	*	(ARG0*)	*	*	*	
V	*	*	*	(V*)	*	*	*	
-	*	*	*	*	*	*	(ARG0*)	
-	*	*	*	*	*	*	*	
V	*	*	*	(ARG1*	(V*)	*	*	
V	*	*	*	*)	*	(V*)	*	
-	*	*	*	(ARG2*	*	*	*	
-	*	*	*	*)	*	*	*	
V	*	*	*	*	*	*	(V*)	
-	*	*	*	*	*	*	(ARG1*	
-	*	*	*	*	*	*	*	
-	*	*	*	*	*	*	*)	
-	*	*	*	*	*	*	*	

-	*	(ARG0*)	*	*	*	*	*	*	
V	(V*)	*	*	*	*	*	*	*	
V	*	(V*)	*	*	*	*	*	*	
-	*	(ARG1*	*	*	*	*	*	*	
-	*	*	*	*	*	*	*	*	
V	*	*	(V*)	*	*	*	*	*	
-	(ARG1*	*	*	*	*	*	*	*	
V	*	*	*	(V*)	*	*	*	*	
-	*	*	*	*	*	*	*	*	
-	*	*	*	*	*	*	*	*	
-	*	*	*	*	*	*	*	*	
-	*)	*	*	*	*	*	*	*	
-	*	*	*	*	*	*	*	*	
-	*	*)	*	*	*	*	*	*	
-	*	*	*	*	*	*	*	*	
-	*	*	*	*	*	*	*	*	
V	*	*	*	*	(V*)	*	*	*	
-	*	*	*	*	*	*	*	*	
-	*	*	*	*	*	*	*	*	
V	*	*	*	*	*	(V*)	*	*	
-	*	*	*	*	*	*	*	*	
V	*	*	*	*	*	*	(V*)	*	
-	*	*	*	*	*	*	(ARG1*	*	
-	*	*	*	*	*	*	*	*	
V	*	*	*	*	*	*	*)	(V*)	
-	*	*	*	*	*	*	*	*	
-	*	*	*	*	*	*	*	*	
-	*	*	*	*	*	*	(ARGM-TMP*)	*	
-	*	*	*	*	*	*	(ARGM-TMP*	*	
-	*	*	*	*	*	*	*)	*	
-	*	*	*	*	*	*	*	*	

-	*	(ARG0*)	*	*	*	
V	(V*)	*	*	*	*	
V	*	(V*)	*	*	*	
-	*	(ARG1*	*	*	*	
V	*	*	(V*)	*	*	
-	*	*)	(ARG1*)	*	*	
-	*	*	*	*	*	
-	*	*	(ARG1*	*	*	
V	*	*	*	(V*)	*	
-	*	*	*	*	*	
-	*	*	*	*	*	
-	*	*	*	*	*	
-	*	*	*	*	*	
-	*	*	*	*	*	
-	*	*	*	*	*	
-	*	*	*	*	*	
-	*	*	*)	*	*	
-	*	*	*	*	*	
-	*	*	*	*	*	
-	*	*	*	*	(ARG0*)	
-	*	*	*	*	(ARGM-MOD*)	
V	*	*	*	*	(V*)	
-	*	*	*	*	(ARG1*	
-	*	*	*	*	*	
-	*	*	*	*	*)	
-	*	*	*	*	*	

-	(ARG1*)	*	*	*	*	*	
-	(ARGM-MOD*)	*	*	*	*	*	
V	(V*)	*	*	*	*	*	
V	(ARG2*)	(V*)	*	*	*	*	
-	*	*	*	*	*	(ARG1*	
-	*	*	*	*	*	*	
-	*	*	*	*	*	*	
-	*	*	*	*	*	*	
-	*	*	(ARG0*)	*	*	*	
-	*	*	(R-ARG0*)	*	*	*	
V	*	*	(V*)	*	*	*	
-	*	*	(ARG1*	(ARG0*	*	*	
-	*	*	*	*)	*	*	
-	*	*	*	(ARGM-MOD*)	*	*	
V	*	*	*	(V*)	*	*	
-	*	*	*	(ARG2*)	*	*	
-	*	*	*	(ARG1*	*	*	
-	*	*	*	*	*	*	
V	*	*	*	*	(V*)	*)	
-	*	*	*	*	(ARG1*	*	
-	*	*	*	*	*	*	
V	*	*	*	*	*	(V*)	
-	*	*	*	*	*	(ARG1*	
-	*	*	*	*	*	*	
-	*	*	*	*)	*)	*)	
-	*	*	*	(ARGM-LOC*	*	*	
-	*	*	*	*	*	*	
-	*	*	*	*	*	*	
-	*	*	*	*	*	*	
-	*	*	*	*	*	*	
-	*	*	*	*	*	*	
-	*	*	*	*	*	*	
-	(ARG1*)	*	*	*	*	*	
-	*	*	*)	*)	*	*	
-	*	*	*	*	*	*	

-	*	*	*	*	*	*	*	
-	(ARG1*)	*	*	*	*	*	*	
V	(V*)	*	*	*	*	*	*	
-	(ARG2*	*	*	*	*	*	*	
-	*	*	*	*	*	*	*	
-	*	*	*	*	*	*	*	
-	*	*	*	*	*	*	*	
-	*	*	*	*	*	*	*	
V	*	(V*)	*	*	*	*	*	
-	*	(ARG1*	*	*	*	*	*	
-	*	*	*	*	*	*	*	
-	*	*	*	*	*	*	*	
-	*	*	*	*	*	*	*	
-	*	*	*	*	*	*	*	
V	*	*	(V*)	*	*	*	*	
-	*	*	(ARG1*	*	*	*	*	
V	*	*	*	(V*)	*	*	*	
-	*	*	*	(ARG1*	*	*	*	
-	*	*	*	*	*	*	*	
-	*	*	*	*	*	*	*	
-	*	*	*	*	*	*	*	
-	*	*	*	*	(ARG0*)	*	*	
V	*	*	*	*	(V*)	*	*	
-	*	*	*	*	(ARG1*	*	*	
V	*	*	*	*	*	(V*)	*	
V	*	*	*	*	*	(ARG1*)	(V*)	
-	*	*	*	*	*	(ARG2*	*	
-	*	*	*	*	*	*	*	
-	*	*	*)	*)	*)	*)	*	
-	*)	*)	*	*	*	*	*	

-	(ARG0*)	*	
-	(ARGM-MOD*)	*	
V	(V*)	*	
-	(ARG1*)	*	
-	(ARG1*	(ARG0*)	
V	*	(V*)	
-	*	(ARG1*	
-	*	*)	
-	*	(ARGM-LOC*	
-	*	*	
-	*	*	
-	*)	*)	
-	*	*	
-	(ARG2*	*	
-	*	*	
-	*	*	
-	*	*	
-	*	*	
-	*	*	
-	*	*	
-	*	*	
-	*	*	
-	*)	*	

-	(ARG1*)	*	*	*	*	*	
V	(V*)	*	*	*	*	*	
V	(ARG2*	(V*)	*	*	*	*	
-	*	*	*	*	*	*	
-	*)	*	*	*	*	*	
-	(ARG1*	*	*	*	*	*	
V	*	*	(V*)	*	*	*	
-	*)	*	(ARG1*)	*	*	*	
-	*	*	*	(ARG0*	*	*	
-	*	*	*	*	*	*	
-	*	*	*	*)	*	*	
-	*	*	*	*	*	*	
V	*	*	*	(V*)	*	*	
-	*	*	*	(ARG1*	*	*	
V	*	*	*	*)	(V*)	*	
-	*	*	*	*	*	*	
-	*	*	*	*	*	*	
-	*	*	*	*	*	(ARG1*)	
-	*	*	*	*	*	*	
-	*	*	*	*	*	(ARGM-ADV*)	
V	*	*	*	*	*	(V*)	
-	*	*	*	*	*	*	
-	*	*	*	*	*	(ARG1*	
-	*	*	*	*	*	*)	
-	*	*	*	*	*	*	

-	(ARGM-DIS*)	*	
-	(ARG0*)	*	
V	(V*)	*	
-	(ARG1*	*	
V	*	(V*)	
-	*	(ARG1*)	
-	*)	(ARG1*)	
-	*	*	

-	*	
V	(V*)	

-	
-	
-	

-	*	(ARG0*	
-	*	*)	
V	(V*)	*	
V	*	(V*)	
-	*	(ARG1*	
-	*	*)	
-	*	*	

-	(ARGM-TMP*	*	
-	*	*	
-	*)	*	
-	*	*	
-	(ARG0*)	*	
V	(V*)	*	
-	(ARG1*	*	
-	*)	*	
-	(ARG1*	*	
-	*	(ARG0*)	
-	*	(ARGM-MOD*)	
V	*	(V*)	
-	*	(ARG1*)	
-	*	(ARG1*	
-	*	*)	
-	*	(ARGM-LOC*	
-	*	*	
-	*	*	
-	*	*	
-	*	*	
-	*)	*)	

-	(ARG1*	*	*	*	*	*	*	*	
-	*	*	*	*	*	*	*	*	
-	*)	*	*	*	*	*	*	*	
V	(V*)	*	*	*	*	*	*	*	
-	(ARG1*	*	*	*	*	*	*	*	
-	*	(ARG0*)	*	*	*	*	*	*	
V	*	(V*)	*	*	*	*	*	*	
-	*)	(ARG1*)	*	*	*	*	*	*	
-	*	*	*	*	*	*	*	*	
-	*	*	*	*	*	*	*	*	
-	*	*	*	*	*	*	*	*	
-	*	*	(ARG0*	*	*	*	*	*	
-	*	*	*	*	*	*	*	*	
-	*	*	*)	*	*	*	*	*	
-	*	*	(R-ARG0*)	*	*	*	*	*	
V	*	*	(V*)	*	*	*	*	*	
-	*	*	(ARG1*	*	*	*	*	*	
-	*	*	*	*	(ARG0*)	*	*	*	
V	*	*	*	(V*)	*	*	*	*	
V	*	*	*	*	(V*)	*	*	*	
-	*	*	*	*	(ARG1*	*	*	*	
-	*	*	*	*	*	*	*	*	
-	*	*	*)	*	*)	*	*	*	
-	*	*	*	*	*	*	*	*	
-	*	*	*	*	*	(ARG1*	(ARGM-MOD*	*	
-	*	*	*	*	*	*)	*	*	
V	*	*	*	*	*	(V*)	*)	*	
-	*	*	*	*	*	(ARG1*	*	*	
-	*	*	*	*	*	*	*	*	
V	*	*	*	*	*	*	(V*)	*	
-	*	*	*	*	*	*)	(ARG1*)	*	
-	*	*	*	*	*	*	*	*	
-	*	*	*	*	*	*	(ARG1*	(ARG1*)	
-	*	*	*	*	*	*	*	(ARGM-MOD*)	
V	*	*	*	*	*	*	*	(V*)	
-	*	*	*	*	*	*	*	*	
-	*	*	*	*	*	*	*	*	
-	*	*	*	*	*	*	*)	*	
-	*	*	*	*	*	*	*	*	

-	*	*	
-	*	*	
-	*	*	
-	*	*	
-	(ARG0*)	*	
V	(V*)	*	
-	*	*	
-	(ARG1*	*	
-	*	(ARG1*)	
-	*	(ARGM-MOD*)	
V	*	(V*)	
-	*	*	
-	*)	*	
-	*	*	
-	*	*	

-	(ARG0*	
-	*)	
V	(V*)	
-	(ARG1*	
-	*)	
-	*	

-	*	*	*	*	
-	*	*	*	*	
-	(ARG0*	*	*	*	
-	*	*	*	*	
-	*)	*	*	*	
V	(V*)	*	*	*	
-	*	(ARG0*	*	*	
-	*	*)	*	*	
V	*	(V*)	*	*	
-	*	(ARG1*	*	*	
-	*	*	*	*	
-	*	*)	*	*	
-	*	*	*	*	
V	*	(ARG1*	(V*)	*	
-	*	*)	(ARG1*)	*	
-	*	*	*	*	
-	*	*	*	*	
-	*	*	*	(ARG1*)	
-	*	*	*	*	
V	*	*	*	(V*)	
-	*	*	*	(ARG2*	
-	*	*	*	*	
-	*	*	*	*)	
-	*	*	*	*	

-	*	*	*	*	*	*	
-	(ARG1*)	*	*	*	*	*	
V	(V*)	*	*	*	*	*	
V	(ARG2*	(V*)	*	*	*	*	
-	*	*	*	*	*	*	
-	*	*	*	*	*	*	
-	*	*	(ARGM-ADV*)	*	*	*	
V	*	*	(V*)	*	*	*	
-	*	*	(ARG1*)	*	*	*	
-	*	*	*	*	*	*	
-	*)	*	*	*	*	*	
-	*	*	*	*	(ARG0*)	*	
V	*	*	*	(V*)	*	*	
-	*	*	*	(ARG2*)	*	*	
-	*	*	*	*	(ARG0*)	*	
-	*	*	*	*	(ARGM-MOD*)	*	
V	*	*	*	*	(V*)	*	
-	*	*	*	*	(ARG1*	*	
-	*	*	*	*	*	*	
V	*	*	*	*	*	(V*)	
-	*	*	*	*	*)	*	
-	*	*	*	*	*	*	

-	(ARG1*	*	
-	*)	*	
V	(V*)	*	
-	(ARG2*)	*	
-	*	*	
-	(ARG2*)	*	
-	*	(ARG0*	
-	*	*	
-	*	*	
-	*	*)	
V	*	(V*)	
-	*	*	

-	*	*	*	
-	*	*	*	
-	*	*	*	
-	(ARGM-DIS*)	*	*	
V	(V*)	*	*	
-	(ARG1*)	*	*	
-	*	*	*	
-	*	*	*	
V	*	(V*)	*	
-	*	*	*	
-	*	*	*	
-	*	*	*	
-	*	*	*	
-	*	(ARG1*)	*	
-	*	(ARG1*	(ARG0*)	
-	*	*	(ARGM-MOD*)	
V	*	*	(V*)	
-	*	*	(ARG1*)	
-	*	*	(ARG1*	
-	*	*	*)	
-	*	*	(ARGM-TMP*	
-	*	*	*	
-	*	*)	*)	
-	*	*	*	
-	*	*	*	

-	*	
-	*	
-	(ARG0*	
-	*	
-	*	
-	*	
-	*)	
V	(V*)	
-	(ARG1*	
-	*)	
-	*	

-	*	(ARGM-ADV*	*	*	*	*	
-	*	*	*	*	*	*	
-	*	*	*	*	*	*	
V	(V*)	*)	*	*	*	*	
-	*	*	*	*	*	*	
-	*	(ARG0*)	*	*	*	*	
V	*	(V*)	*	*	*	*	
-	*	*	*	*	*	*	
-	*	*	*	*	*	*	
-	*	(ARG1*	*	*	*	*	
-	*	*	(ARG1*	*	*	*	
-	*	*	*)	*	*	*	
V	*	*	(V*)	*	*	*	
-	*	*	(ARG1*)	*	*	*	
-	*	*	(ARG1*	*	(ARG0*)	*	
V	*	*	*	(V*)	*	*	
V	*	*	*	*	(V*)	*	
-	*	*	*	*	*	*	
-	*	*	*	*	(ARG1*	*	
-	*	*	*	*	*	*	
-	*	*	*	*	*)	*	
-	*	*	*	*	(ARG1*	*	
-	*	*	*	*	*	(ARG1*)	
-	*	*	*	*	*	(ARGM-MOD*)	
V	*	*	*	*	*	(V*)	
-	*	*	*	*	*	*	
-	*	*	*	*	*	*	
-	*	*	*)	*	*)	*	
-	*	*)	*	*	*	*	

-	*	
-	*	
-	*	
-	*	
-	*	
V	(V*)	
-	*	

-	
-	
-	

-	(ARG0*)	*	
-	*	*	
-	(ARG0*)	*	
V	(V*)	*	
-	*	*	
-	*	*	
-	*	(ARG1*)	
-	*	*	
V	(ARG1*	(V*)	
-	*	*	
-	*	*	
-	*)	*	
-	*	*	

-	*	*	*	*	
-	*	*	*	*	
-	*	*	*	*	
-	(ARG0*)	*	*	*	
V	(V*)	*	*	*	
-	(ARG1*	*	*	*	
-	*)	*	*	*	
-	*	*	*	*	
-	*	*	*	*	
-	*	*	*	*	
-	*	*	*	(ARG1*)	
-	*	*	*	*	
-	*	*	*	*	
V	(ARG1*	(V*)	*	*	
-	*	*	*	*	
-	*)	*	*	*	
-	*	*	*	*	
-	*	*	*	*	
-	*	*	*	(ARG1*)	
-	*	*	*	*	
-	*	*	*	*	
-	*	*	*	*	
V	(ARG1*	*	(V*)	*	
-	*	*	*	*	
-	*	*	*	*	
V	*	*	*	(V*)	
-	*)	*	*	*	
-	*	*	*	*	

-	
-	
-	

V	(V*)	
-	*	
-	*	

-	
-	
-	

-	(ARG0*)	*	*	*	
V	(V*)	*	*	*	
-	*	*	*	*	
-	*	*	*	*	
-	*	*	*	*	
-	*	*	*	*	
-	*	*	(ARG0*)	*	
-	*	*	*	*	
-	*	*	*	*	
V	*	(V*)	(ARGM-MOD*)	*	
V	*	*	(V*)	*	
-	*	*	(ARG1*	*	
-	*	*	*	*	
-	*	*	*	*	
-	*	*	*	*	
-	*	*	*	*	
V	*	*	*)	(V*)	
-	*	*	*	*	
-	*	*	*	*	
-	*	*	*	(ARG1*)	
-	*	*	*	*	
-	*	*	*	(ARGM-LOC*)	
-	*	*	*	*	
-	*	*	*	*	
-	*	*	*	*	
-	*	*	*	*	
-	*	*	*	*	
-	*	*	*	*	

-	*	(ARG0*	*	*	*	
-	*	*	*	*	*	
-	*	*	*	*	*	
-	*	*	*	*	*	
V	(V*)	*	*	*	*	
-	*	*)	*	*	*	
V	*	(V*)	*	*	*	
-	*	(ARG1*	*	*	*	
-	*	*	*	*	*	
-	*	*	*	*	*	
-	*	*	(R-ARG0*)	*	*	
-	*	*	(ARGM-MOD*)	*	*	
V	*	*	(V*)	*	*	
-	*	*	(ARG1*	*	*	
-	*	*	*	*	*	
-	*	*	*	*	*	
-	*	*)	*)	*	*	
-	*	*	*	*	*	
-	*	*	*	*	*	
V	*	*	*	(V*)	*	
-	*	*	*	(ARG1*	*	
-	*	*	*	*	*	
-	(ARG1*	*	*	*	*	
-	*)	*	*	*	*	
-	*	*	*	*	*	
-	*	*	*	*	*	
-	*	*	*	*)	*	
-	*	*	*	*	*	
-	*	*	*	*	*	
-	*	*	*	*	(ARG1*)	
V	*	*	*	*	(V*)	
-	*	*	*	*	(ARG1*)	
-	*	*	*	*	*	

-	*	(ARG0*	(ARGM-MOD*	*	*	*	*	*	*	
-	*	*	*	*	*	*	*	*	*	
V	(V*)	*)	*	*	*	*	*	*	*	
V	*	(V*)	*)	*	*	*	*	*	*	
V	*	(ARG1*	(V*)	*	*	*	*	*	*	
-	*	*	(ARG1*	*	*	*	*	*	*	
-	*	*	*	*	*	*	*	*	*	
-	*	*	*	*	*	*	*	*	*	
V	*	*	*	(V*)	*	*	*	*	*	
-	*	*)	*)	(ARG2*)	*	*	*	*	*	
V	*	*	*	*	(V*)	*	*	*	*	
-	*	*	*	*	*	*	*	*	*	
-	(ARG1*)	*	*	*	*	*	*	*	*	
V	*	*	*	*	*	(V*)	*	*	*	
-	*	*	*	*	*	*	*	*	*	
-	*	*	*	*	*	*	*	*	*	
V	*	*	*	*	*	*	(V*)	*	*	
-	*	*	*	*	*	*	(ARG2*	*	*	
-	*	*	*	*	*	*	*	*	*	
-	*	*	*	*	*	*	*	*	*	
-	*	*	*	*	*	*	*	*	*	
-	*	*	*	*	*	*	*	*	*	
-	(ARG1*	*	*	*	*	*	*	*	*	
-	*	*	*	*	*	*	*	*	*	
V	*	*	*	*	*	*	*	(V*)	*	
-	*	*	*	*	*	*	*	*	*	
-	*	*	*	*	*	*	*	*	*	
-	*	*	*	*	*	*	*	*	*	
-	*	*	*	*	*	*	*	*	*	
-	*	*	*	*	*	*	*	*	*	
V	*	*	*	*	*	*	*	*	(V*)	
-	*	*	*	*	*	*	*	*	*	
-	*)	*	*	*	*	*	*	*	*	
-	*	*	*	*	*	*	*	*	*	
-	*	*	*	*	*	*	*)	*	*	
-	*	*	*	*	*	*	*	*	*	

-	(ARGM-ADJ*)	(ARG1*	*	*	*	
V	(V*)	*)	*	*	*	
-	*	*	*	*	*	
V	*	(V*)	*	*	*	
-	*	*	*	*	*	
-	*	*	*	*	*	
-	*	(ARGM-LOC*	*	*	*	
-	*	*)	*	*	*	
-	*	*	*	*	*	
-	*	*	*	*	*	
-	*	*	(ARG1*	*	*	
-	*	*	*)	*	*	
-	*	*	(ARGM-MOD*)	*	*	
V	*	*	(V*)	*	*	
-	*	*	(ARG2*	*	*	
V	*	*	*	(V*)	*	
-	*	*	*	(ARG2*	*	
V	*	*	*	*	(V*)	
-	*	*	*	*	(ARG1*	
-	*	*	*	*	*	
-	*	*	*	*	*	
-	(ARG1*)	*	*)	*)	*)	
-	*	*	*	*	*	

-	*	(ARG1*	*	
-	*	*)	*	
V	(V*)	*	*	
V	*	(V*)	*	
-	*	(ARG2*	*	
V	*	*)	(V*)	
-	*	(ARGM-TMP*)	*	
-	*	*	*	

-	*	*	*	
-	*	*	*	
-	*	*	*	
-	*	*	(ARG1*	
-	*	*	*	
-	*	*	*	
-	*	*	*	
V	(V*)	*	*	
-	*	*	*	
V	*	(V*)	*)	
V	*	*	(V*)	
-	*	*	(ARG2*	
-	*	*	*	
-	*	*	*	
-	*	*	*	
-	*	*	*	
-	*	*	*	
-	*	*	*	
-	*	*	*	
-	*	*	*	
-	*	*	*)	
-	*	*	*	

-	(ARGM-DIS*)	*	*	*	*	
-	(ARG1*	*	*	*	*	
-	*	*	*	*	*	
-	*)	*	*	*	*	
V	(V*)	*	*	*	*	
-	*	*	*	*	*	
V	(ARG2*	(V*)	*	*	*	
-	*	*	*	*	*	
-	*	*	*	*	*	
-	*	*	*	*	*	
-	*	*	*	*	*	
-	*	*	*	*	*	
-	*	*	*	*	*	
-	*)	*	*	*	*	
-	*	*	*	*	(ARG1*)	
-	*	*	*	*	*	
-	*	*	*	*	*	
-	*	*	*	*	*	
V	*	*	(V*)	*	*	
-	*	*	(ARG2*	*	*	
V	*	*	*)	(V*)	*	
-	*	*	*	*	(ARG1*	
-	*	*	*	*	*	
-	*	*	*	*	*	
-	*	*	*	*	*)	
V	*	*	*	*	(V*)	
-	*	*	*	*	(ARG2*)	
-	*	*	*	*	*	

-	(ARG0*)	*	*	*	*	*	*	*	
V	(V*)	*	*	*	*	*	*	*	
-	(ARG1*	*	*	*	*	*	*	*	
V	*	(V*)	*	*	*	*	*	*	
-	*	(ARG1*)	*	*	*	*	*	*	
-	*	(ARG1*	*	*	*	*	*	*	
V	*	*	(V*)	*	*	*	*	*	
-	*	*	(ARG1*	*	*	*	*	*	
-	*	*	*	*	*	*	*	*	
-	*	*	*	*	*	*	*	*	
-	*	*	*)	*	*	*	*	*	
-	*	*	(ARGM-TMP*	*	*	*	*	*	
-	*	*	*	*	*	*	*	*	
V	*)	*)	*)	(V*)	*	*	*	*	
-	*	*	*	*	*	*	*	*	
-	*	*	*	*	*	*	*	*	
V	*	*	*	*	(V*)	*	*	*	
V	*	*	*	*	(ARG1*)	(V*)	*	*	
-	*	*	*	*	*	*	*	*	
-	*	*	*	*	*	*	*	*	
-	*	*	*	*	*	*	*	*	
-	*	*	*	*	*	*	*	(ARG0*)	
V	*	*	*	*	*	*	(V*)	(ARGM-MOD*)	
V	*	*	*	*	*	*	*	(V*)	
-	*	*	*	*	*	*	*	(ARG1*	
-	*	*	*	*	*	*	*	*	
-	*	*	*	*	*	*	*	*)	
-	*	*	*	*	*	*	*	*	

-	*	*	*	*	*	*	*	*	*	*	
-	(ARG1*)	*	*	*	*	*	*	*	*	*	
V	(V*)	*	*	*	*	*	*	*	*	*	
-	(ARG2*	(ARGM-EXT*)	*	*	*	*	*	*	*	*	
V	*	(V*)	*	*	*	*	*	*	*	*	
-	*)	*	*	*	*	*	*	*	*	*	
-	*	*	*	*	*	*	*	*	*	*	
-	*	*	*	*	*	*	*	*	*	*	
-	*	*	(ARG0*)	*	*	*	*	*	*	*	
-	*	*	*	*	*	*	*	*	*	*	
-	*	*	*	*	*	*	*	*	*	*	
-	*	*	*	*	*	*	*	*	*	*	
-	*	*	*	*	*	*	*	*	*	*	
-	*	*	*	*	*	*	*	*	*	*	
-	*	*	*	*	*	*	*	*	*	*	
-	*	*	*	*	*	*	*	*	*	*	
V	*	*	(V*)	*	*	*	*	*	*	*	
-	*	*	(ARG1*	*	*	*	*	*	*	*	
V	*	*	*)	(V*)	*	*	*	*	*	*	
-	*	*	(ARG1*	*	*	*	*	*	*	*	
V	*	*	*	*	(V*)	*	*	*	*	*	
-	*	*	*	*	(ARG1*	*	*	*	*	*	
-	*	*	*	*	*	*	*	*	*	*	
-	*	*	*	*	*)	*	*	*	*	*	
-	*	*	*	*	(ARG1*	*	*	*	*	*	
V	*	*	*	*	*	(V*)	*	*	*	*	
-	*	*	*	*	*	(ARG1*	*	*	*	*	
V	*	*	*	*	*	*	(V*)	*	*	*	
-	*	*	*	*	*	*	(ARG1*	*	*	*	
V	*	*	*)	*	*)	*)	*)	(V*)	*	*	
-	*	*	*	*	*	*	*	*	*	*	
-	*	*	*	*	*	*	*	*	*	*	
-	(ARG1*)	*	*	*	*	*	*	*	*	*	
-	*	*	*	*	*	*	*	*	*	*	
-	*	*	*	*	*	*	(ARGM-LOC*	*	*	*	
-	*	*	*	*	*	*	*	*	*	*	
V	*	*	*	*	*	*	*)	*	(V*)	*	
-	*	*	*	*	*	*	*	*	*	*	
-	*	*	*	*	*	*	*	*	*	*	
V	*	*	*	*	*	*	*	*	*	(V*)	
-	*	*	*	*	*	*	*	*	*	*	
-	*	*	*	*	*	*	*	*	*	*	
-	*	*	*	*	*	*	*	*	*	*	
-	*	*	*	*	*	*	*	*	*	*	
-	*	*	*	*	*	*	*	*	*	*	
-	*	*	*	*	*	*	*	*	*	*	
-	*	*	*	*	*	*	*	*	*	*	
-	*	*	*	*	*	*	*	*	*	*	

-	*	(ARG1*	*	*	
-	*	*	*	*	
V	(V*)	*	*	*	
-	*	*	*	*	
-	*	*	*	*	
-	*	*	*	*	
-	*	*	*	*	
-	*	*	*	*	
-	*	*	*	*	
-	*	*	*	*	
-	*	*	*	*	
-	*	*)	*	*	
-	*	(ARG0*)	*	*	
V	*	(V*)	*	*	
-	*	(ARG1*	(ARG0*	*	
-	*	*	*	*	
-	*	*	*)	*	
-	*	*	(ARGM-MOD*)	*	
V	*	*	(V*)	*	
-	*	*	(ARG1*	*	
-	*	*	*	*	
-	*	*	*	*	
-	*	*	*	*	
-	*	*	*	(ARG0*)	
V	*	*)	*)	(V*)	
-	*	*	*	*	

-	
-	

-	

V	(V*)	
-	*	
-	*	
-	*	
-	*	
-	*	
-	*	
-	*	
-	*	
-	*	
-	*	

-	
-	
-	

-	
-	
-	

-	(ARG0*	*	*	*	*	
-	*)	*	*	*	*	
-	(ARGM-MOD*)	*	*	*	*	
V	(V*)	*	*	*	*	
-	(ARG1*	*	*	*	*	
-	*	*	*	*	*	
-	*)	*	*	*	*	
-	*	(ARG1*	*	*	*	
-	*	*	*	*	*	
-	*	*	*	*	*	
-	*	*	*	*	*	
-	*	*	*	*	*	
-	*	*	*	*	*	
-	*	*	*	*	*	
-	*	*)	*	*	*	
-	*	*	(ARG0*	*	*	
-	*	*	*	*	*	
-	*	*	*	*	*	
-	*	*	*	*	*	
-	*	*	*	*	*	
-	*	*	*	*	*	
-	*	*	*	*	*	
-	*	*	*)	*	*	
-	*	*	(ARG1*	*	*	
-	*	*	*	*	*	
V	*	(V*)	*)	*	*	
V	*	*	(V*)	*	(ARG0*	
-	*	*	*	*	*	
-	*	*	*	*	*	
-	*	*	*	*	*	
-	*	*	*	*	*	
-	*	*	*	*	*	
-	*	*	*	*	*	
-	*	*	*	*	*	
-	*	*	*	*	*	
-	*	*	*	*	*)	
-	*	*	*	*	(R-ARG0*)	
V	*	*	*	(V*)	*	
V	*	*	*	*	(V*)	
-	*	*	*	*	*	
-	*	*	*	*	*	
-	*	*	*	*	(ARG1*)	
-	*	*	*	*	*	

-	(ARG1*	*	*	*	*	
-	*	*	*	*	*	
-	*	*	*	*	*	
-	*)	*	*	*	*	
-	(ARG1*)	*	*	*	*	
V	(V*)	*	*	*	*	
-	(ARG2*	*	*	*	*	
-	*	*	*	*	*	
V	*)	(V*)	*	*	*	
-	*	*	*	*	*	
-	*	*	*	*	*	
-	*	*	*	(ARG1*)	*	
-	*	*	*	(ARGM-MOD*)	*	
V	*	*	(V*)	(ARGM-NEG*)	*	
V	*	*	*	(V*)	*	
-	*	*	*	(ARG1*	*	
-	*	*	*	*	*	
-	*	*	*	*	*	
-	*	*	*	*)	*	
-	*	*	*	*	(ARG1*	
-	*	*	*	*	*	
-	*	*	*	*	*	
-	*	*	*	*	*	
-	*	*	*	*	*	
-	*	*	*	*	*	
-	*	*	*	*	*	
-	*	*	*	*	*	
-	*	*	*	*	*	
-	*	*	*	*	*	
-	*	*	*	*	*	
-	*	*	*	*	*	
-	*	*	*	*	*	
-	*	*	*	*	*)	
V	*	*	*	*	(V*)	
-	*	*	*	*	*	

-	(ARG0*)	*	*	*	*	*	*	*	*	
V	(V*)	*	*	*	*	*	*	*	*	
-	(ARG1*	*	*	*	(ARG0*	*	*	*	*	
-	*	*	*	*	*	*	*	*	*	
-	*	*	(ARG0*)	*	*	*	*	*	*	
V	*	(V*)	*	*	*	*	*	*	*	
V	*	*	(V*)	*	*	*	*	*	*	
-	*	*	*	*	*	*	*	*	*	
-	*	*	(ARG1*	*	*	*	*	*	*	
-	*	*	*	*	*	*	*	*	*	
-	*	*	*	*	*	*	*	*	*	
-	*	*	*)	*	*	*	*	*	*	
-	*	*	*	*	*	*	*	*	*	
-	*)	*	*	*	*	*	*	*	*	
-	*	*	*	*	*	*	*	*	*	
-	*	*	*	*	*	*	*	*	*	
-	*	*	*	*	*)	*	*	*	*	
-	*	*	*	*	(R-ARG0*)	*	*	*	*	
V	*	*	*	(V*)	*	*	*	*	*	
V	*	*	*	*	(V*)	*	*	*	*	
-	*	*	*	*	*	*	*	*	*	
V	*	*	*	*	*	(V*)	*	*	*	
-	*	*	*	*	*	*	*	*	(ARG1*)	
V	*	*	*	*	(ARG1*)	*	(V*)	*	*	
-	*	*	*	*	*	*	*	*	*	
-	*	*	*	*	*	*	*	*	(ARG1*)	
V	*	*	*	*	*	*	*	(V*)	*	
-	*	*	*	*	(ARG1*	*	*	*	(ARG0*)	
V	*	*	*	*	*)	*	*	*	(V*)	
-	*	*	*	*	*	*	*	*	*	

-	*	*	*	*	*	*	*	*	
-	(ARG1*	*	*	*	*	*	*	*	
-	*	*	*	*	*	*	*	*	
-	*)	*	*	*	*	*	*	*	
V	(V*)	*	*	*	*	*	*	*	
-	*	*	*	*	*	*	*	*	
-	*	*	*	*	*	*	*	*	
V	(ARG2*)	(V*)	*	*	*	*	*	*	
-	*	*	*	*	*	*	*	*	
-	*	*	(ARG1*)	*	*	*	*	*	
-	*	*	(ARGM-MOD*)	*	*	*	*	*	
V	*	*	(V*)	*	*	*	*	*	
V	*	*	(ARG2*	(V*)	*	*	*	*	
-	*	*	*	*	*	*	*	*	
V	*	*	*	*	(V*)	*	*	*	
-	*	*	*	*	(ARG1*	*	*	*	
-	*	*	*	*	*	*	*	*	
-	*	*	*	*	*	*	*	*	
-	*	*	*	*	*	*	*	*	
-	*	*	*	*	*	*	*	*	
-	*	*	*	*	*)	*	*	*	
-	*	*	*	*	(ARGM-LOC*	*	*	*	
-	*	*	*	*	*	*	*	*	
-	*	*	*	*	*)	*	*	*	
-	*	*	*	*	*	*	*	*	
-	*	*	*	*	(ARG1*	*	*	*	
-	*	*	*	*	*	(ARG0*)	*	*	
-	*	*	*	*	*	(ARGM-MOD*)	*	*	
-	*	*	*	*	*	(ARGM-NEG*)	*	*	
-	*	*	*	*	*	(ARGM-NEG*)	*	*	
V	*	*	*	*	*	(V*)	*	*	
V	*	*	*	*	*	*	(V*)	*	
-	*	*	*	*	*	(ARG1*	*	*	
-	*	*	*	*	*	*	*	*	
-	*	*	*	*	*	*	*	*	
-	*	*	*	*	*	*	*	*	
V	*	*	*)	*	*)	*)	*	(V*)	
-	*	*	*	*	*	*	*	*	
-	*	*	*	*	*	*	*	(ARG1*)	
-	*	*	*	*	*	*	*	(ARGM-TMP*	
-	*	*	*	*	*	*	*	*)	
-	*	*	*	*	*	*	*	*	

-	*	*	*	*	*	*	
-	(ARG0*)	*	*	*	*	*	
-	(ARGM-MOD*)	*	*	*	*	*	
V	(V*)	*	*	*	*	*	
V	(ARG1*)	(V*)	*	*	*	*	
-	(ARG1*	*	*	*	*	*	
-	*	*	*	*	*	*	
-	*	*	*	*	*	*	
V	*	*	(V*)	*	*	*	
-	*)	*	*	*	*	*	
V	*	*	*	(V*)	(ARG1*	*	
-	*	*	*	*	*	*	
-	*	*	*	*	*	*	
-	*	*	*	*	*	*	
-	*	*	*	*	*	*	
-	*	*	*	*	*	*	
-	*	*	*	*	*)	*	
-	*	*	*	*	(ARG1*	*	
-	*	*	*	*	*	*	
-	*	*	*	*	*	*	
-	*	*	*	*	*	*	
-	*	*	*	*	*	*	
-	*	*	*	*	*	*	
-	*	*	*	*	*	*	
-	*	*	*	*	*)	*	
-	*	*	*	*	*	*	
-	*	*	*	*	*	*	
V	*	*	*	*	(V*)	*	
-	*	*	*	*	*	(ARG1*	
-	*	*	*	*	*	*)	
-	*	*	*	*	*	(R-ARG0*)	
V	*	*	*	*	*	(V*)	
-	*	*	*	*	*	*	
-	*	*	*	*	*	*	
-	*	*	*	*	*	*	
-	*	*	*	*	*	*	
-	*	*	*	*	*	*	
-	*	*	*	*	*	*	
-	*	*	*	*	*	*	
-	*	*	*	*	*	*	
-	*	*	*	*	*	*	
-	*	*	*	*	*	*	
-	*	*	*	*	*	*	
-	*	*	*	*	*	*	
-	*	*	*	*	*	*	
-	*	*	*	*	*	*	
-	*	*	*	*	*	*	
-	*	*	*	*	*	*	
-	*	*	*	*	*	*	

-	(ARGM-MOD*)	*	*	*	*	
-	(ARG0*)	*	*	*	*	
-	(ARGM-ADV*)	*	*	*	*	
V	(V*)	*	*	*	*	
-	(ARG1*	*	*	*	*	
V	*	(V*)	*	*	*	
-	*	(ARG1*	*	*	*	
-	*	*	*	*	*	
-	*	*	*	*	*	
-	*	*	*	*	*	
-	*	*	*	*	*	
-	*	*	*	*	*	
-	*	*	*	*	*	
-	*	*	*	*	*	
-	*	*	*	*	*	
-	*	*	*	*	*	
-	*	*)	*	*	*	
V	*)	*	(V*)	*	*	
-	(ARGM-LOC*	*	*	*	*	
-	*	*	*	*	*	
-	*)	*	*	*	*	
-	*	*	*	*	*	
-	*	*	*	*	*	
-	*	*	*	*	(ARG1*	
-	*	*	*	*	*	
-	*	*	*	*	*	
-	*	*	*	*	*	
-	*	*	*	*	*	
-	*	*	*	*	*	
-	*	*	*	*	*	
-	*	*	*	*	*	
-	*	*	*	*	*	
-	*	*	*	*	*	
V	*	*	*	(V*)	*)	
-	*	*	*	*	*	
-	*	*	*	*	*	
-	(ARGM-LOC*)	*	*	*	*	
-	*	*	*	*	*	
-	*	*	*	*	*	
-	*	*	*	*	*	
-	*	*	*	*	(ARG0*)	
V	*	*	*	*	(V*)	
-	*	*	*	*	*	

-	*	(ARG0*)	*	*	*	*	*	
V	(V*)	*	*	*	*	*	*	
V	*	(V*)	*	*	*	*	*	
-	*	(ARG1*	*	*	*	*	*	
V	*	*	(V*)	*	*	*	*	
-	*	*	*	*	*	*	*	
-	*	*	(ARG1*	*	*	*	*	
-	*	*	*)	*	*	*	*	
-	*	*	(ARG1*	*	*	*	*	
V	*	*	*	(V*)	*	*	*	
-	*	*	*	(ARG1*	*	*	*	
-	*	*	*	*	*	*	*	
V	*	*)	*)	*)	(V*)	*	*	
-	*	*	*	*	*	*	*	
-	*	*	*	*	*	*	*	
-	*	*	*	*	*	(ARG0*	*	
-	*	*	*	*	*	*)	*	
V	*	*	*	*	*	(V*)	*	
-	*	*	*	*	*	(ARG1*	*	
V	*	*	*	*	*	*)	(V*)	
-	*	*	*	*	*	*	*	
-	*	*	*	*	*	*	*	
-	*	*	*	*	*	*	*	
-	*	*	*	*	*	(ARGM-LOC*)	*	
-	*	*	*	*	*	*	*	

-	*	(ARG1*	*	*	
-	*	*	*	*	
-	*	*	*	*	
V	(V*)	*)	*	*	
-	*	(ARGM-MOD*)	*	*	
V	*	(V*)	*	*	
-	*	*	*	*	
-	*	(ARG1*	*	*	
-	*	*	*	*	
-	*	*)	*	*	
-	*	*	*	*	
-	*	(ARG1*	*	*	
-	*	*	*	*	
-	*	*)	*	*	
-	*	*	*	*	
-	*	*	(ARG0*	*	
-	*	*	*	*	
-	*	*	*)	*	
-	*	*	(ARG0*)	*	
-	*	*	(ARGM-MOD*)	*	
V	*	*	(V*)	*	
-	*	*	(ARG1*)	*	
-	*	*	(ARG1*	*	
-	*	*	*	*	
-	*	*	*	*	
-	*	*	*)	*	
-	*	*	*	*	
-	*	*	*	*	
V	*	*	*	(V*)	
-	*	*	*	*	
-	*	*	*	(ARG1*	
-	*	*	*	*	
-	*	*	*	*)	
-	*	*	*	*	
-	*	*	*	*	

V	(V*)	*	*	*	*	*	
-	*	*	(ARG0*	*	*	*	
V	*	(V*)	*)	*	*	*	
-	*	*	(ARGM-MOD*)	*	*	*	
-	*	*	(ARGM-DIS*)	*	*	*	
V	*	*	(V*)	*	*	*	
-	*	*	(ARG1*	*	*	*	
-	*	*	*	*	*	*	
-	*	*	*	*	*	*	
V	*	*	*	(V*)	*	*	
-	*	*	*	(ARG1*	*	*	
V	*	*	*	*)	(V*)	*	
-	*	*	*	(ARGM-PRP*	*	*	
-	*	*	*	*	*	(ARG0*)	
V	*	*	*	*	*	(V*)	
-	*	*	*	*	*	(ARG1*	
-	*	*	*	*)	*	*)	
-	*	*	*)	*	*	*	

-	

V	(V*)	
-	*	
-	*	
-	*	
-	*	
-	*	
-	*	
-	*	
-	*	
-	*	
-	*	

-	
-	
-	

-	

-	
-	
-	

-	
-	

V	(V*)	
-	*	
-	*	
-	(ARG0*)	

-	
-	

-	

-	(ARG0*)	*	*	*	*	
-	(ARGM-MOD*)	*	*	*	*	
-	(ARGM-NEG*)	*	*	*	*	
V	(V*)	*	*	*	*	
-	(ARG1*	*	*	*	*	
-	*	*	*	*	*	
V	*	(V*)	*	*	*	
-	*)	*	*	*	*	
-	(ARG1*	*	*	*	*	
-	*	*	(ARG0*)	*	*	
V	*	*	(V*)	*	*	
-	*	*	(ARG1*	*	*	
V	*	*	*	(V*)	*	
-	*	*	*	(ARG1*	*	
V	*)	*	*)	*)	(V*)	
-	*	*	*	*	*	
-	*	*	*	(ARGM-TMP*)	*	
-	*	*	*	*	*	

-	
-	
-	

-	(ARG0*)	*	*	
V	(V*)	*	*	
-	(ARG1*	*	*	
-	*)	*	*	
V	*	(V*)	*	
-	*	*	*	
-	*	(ARG2*)	*	
-	*	*	*	
-	*	*	(ARG1*)	
V	*	*	(V*)	
-	*	*	(ARG2*	
-	*	*	*)	
-	*	*	*	

-	(ARGM-DIS*)	*	*	*	
-	(ARG1*)	*	*	*	
V	(V*)	*	*	*	
-	(ARG2*	*	*	*	
V	*)	(V*)	*	*	
-	(ARG1*	*	*	*	
V	*	*	(V*)	*	
-	*	*	(ARG1*	*	
V	*	*	*)	(V*)	
-	*	*	(ARG2*	*	
-	*	*	*	*	
-	*	*	*)	*	
-	*)	*	*	*	
-	*	*	*	*	
-	*	*	*	*	
-	*	*	*	*	
-	*	*	*	*	
-	*	*	*	*	
-	*	*	*	*	
-	*	*	*	*	
-	*	*	*	*	
-	*	*	*	*	
-	*	*	*	*	
-	*	*	*	*	
-	*	*	*	*	
-	*	*	*	*	
-	*	*	*	*	

-	
-	
-	

-	

-	(ARG1*)	
-	*	
V	(V*)	
-	(ARG1*	
-	*	
-	*)	
-	*	

V	(V*)	
-	(ARG1*)	
-	(ARGM-TMP*	
-	*	
-	*	
-	*)	
-	*	

-	
-	
-	

-	

-	*	
-	*	
-	(ARG1*)	
-	(ARG1*)	
-	*	
V	(V*)	
-	*	

-	*	*	*	*	*	
-	(ARG0*)	*	*	*	*	
V	(V*)	*	*	*	*	
-	(ARG1*	*	*	*	*	
-	*	*	*	*	*	
-	*)	*	*	*	*	
-	*	*	*	*	*	
-	*	(ARG0*)	*	*	*	
-	*	(ARGM-MOD*)	*	*	*	
V	*	(V*)	*	*	*	
V	*	(ARG1*)	(V*)	*	*	
-	*	*	*	*	*	
-	*	*	*	*	*	
-	*	*	*	(ARG0*)	*	
V	*	*	*	(V*)	*	
-	*	*	*	(ARG1*	*	
-	*	*	*	*	*	
-	*	*	*	*)	*	
-	*	*	*	*	*	
-	*	*	*	*	(ARG0*)	
-	*	*	*	*	(ARGM-MOD*)	
V	*	*	*	*	(V*)	
-	*	*	*	*	(ARG1*	
-	*	*	*	*	*)	
-	*	*	*	*	*	

-	
-	

-	

-	*	(ARG1*)	
V	(V*)	*	
V	*	(V*)	
-	*	(ARG1*	
-	*	*	
-	*	*)	
-	*	*	

-	*	(ARG0*)	
-	*	(ARGM-MOD*)	
V	(V*)	*	
V	*	(V*)	
-	*	(ARG1*	
-	*	*	
-	*	*)	
-	*	*	

-	
-	
-	

-	

-	(ARG0*	*	*	
-	*)	*	*	
V	(V*)	*	*	
-	(ARG1*	*	*	
-	*	*	*	
V	*	(V*)	*	
-	*	(ARG1*	*	
-	*	*	(ARG1*)	
V	*)	*)	(V*)	
-	*	*	*	

-	*	*	
-	*	(ARG1*	
-	*	*)	
-	(ARG1*)	*	
-	(ARG1*)	*	
V	(V*)	*	
-	*	*	
V	*	(V*)	
-	*	*	

-	
-	
-	

-	

-	*	(ARG0*)	*	
V	(V*)	*	*	
-	*	(ARGM-NEG*)	*	
V	*	(V*)	*	
-	*	(ARG1*	*	
-	*	*	*	
-	*	*	*	
-	*	*	*	
V	*	*)	(V*)	
-	*	*	*	
-	*	*	(ARG1*)	
-	*	*	(ARG2*)	
-	*	*	*	

-	
-	
-	
-	

-	

-	*	
-	(ARG0*)	
-	(ARG0*)	
V	(V*)	
-	*	
-	*	
-	(ARG1*)	
-	(ARG1*	
-	*	
-	*	
-	*	
-	*	
-	*	
-	*	
-	*	
-	*	
-	*	
-	*	
-	*	
-	*	
-	*	
-	*)	

-	
-	
-	

-	

-	(ARG0*)	*	*	
-	(ARGM-MOD*)	*	*	
-	(ARGM-NEG*)	*	*	
V	(V*)	*	*	
-	(ARG1*)	*	*	
-	(ARGM-TMP*)	*	*	
-	*	*	*	
-	*	*	*	
-	*	*	(ARG0*)	
V	*	(V*)	*	
V	*	*	(V*)	
-	*	*	(ARG1*)	
-	*	*	(ARG1*	
-	*	*	*	
-	*	*	*	
-	*	*	*	
-	*	*	*	
-	*	*	*)	
-	*	*	*	

-	
-	
-	

-	

-	*	*	*	*	
-	(ARG1*)	*	*	*	
V	(V*)	*	*	*	
-	(ARG2*)	*	*	*	
-	*	*	*	*	
-	*	(ARG0*)	*	*	
V	*	(V*)	*	*	
-	*	*	(ARG1*	(ARGM-MOD*	
-	*	*	*)	*	
V	*	*	(V*)	*)	
V	*	*	(ARG1*	(V*)	
-	*	*	*)	(ARG2*)	
-	*	*	*	*	

-	
-	
-	

-	

-	(ARG1*)	*	
-	(ARGM-MOD*)	*	
V	(V*)	*	
-	(ARG2*	*	
-	*	*	
-	*	*	
-	*	*	
-	*	(ARG0*)	
V	*	(V*)	
-	*)	*	
-	*	*	
-	*	*	
-	*	(ARGM-TMP*	
-	*	*)	
-	*	*	

-	
-	
-	
-	

-	

-	*	(ARG0*)	*	
V	(V*)	*	*	
-	*	(ARGM-NEG*)	*	
V	*	(V*)	*	
V	*	(ARG1*)	(V*)	
-	*	*	*	

-	*	(ARG0*)	
V	(V*)	(ARGM-MOD*)	
-	*	(ARGM-NEG*)	
V	*	(V*)	
-	*	(ARG1*)	
-	*	(ARGM-TMP*	
-	*	*)	
-	*	*	

-	(ARG2*)	*	
-	(ARG1*)	*	
V	(V*)	*	
-	(ARG2*	*	
-	*	*	
-	*	(ARGM-ADJ*)	
V	*	(V*)	
-	*)	*	

-	
-	
-	

-	

V	(V*)	*	*	*	*	*	*	
-	*	(ARGM-NEG*)	*	*	*	*	*	
V	*	(V*)	*	*	*	*	*	
-	*	(ARG1*	*	*	*	*	*	
V	*	*	(V*)	*	*	*	*	
V	*	*)	(ARG1*)	(V*)	*	*	*	
-	*	*	*	*	*	*	*	
-	*	*	*	*	*	*	*	
-	*	*	*	*	(ARG1*)	*	*	
V	*	*	*	*	(V*)	*	*	
V	*	*	*	*	(ARGM-TMP*)	(V*)	*	
-	*	*	*	*	*	*	*	
-	*	*	*	*	*	*	(ARG0*)	
-	*	*	*	*	*	*	(ARGM-MOD*)	
V	*	*	*	*	*	*	(V*)	
-	*	*	*	*	*	*	(ARG1*)	
-	*	*	*	*	*	*	*	

-	
-	
-	

-	

-	*	*	*	*	*	*	*	
-	(ARG1*)	*	*	*	*	*	*	
V	(V*)	*	*	*	*	*	*	
V	(ARG2*	(V*)	*	*	*	*	*	
-	*	*	(ARG0*	*	*	*	*	
-	*	*	*)	*	*	*	*	
V	*)	*	(V*)	*	*	*	*	
-	*	*	*	*	*	*	*	
-	*	*	(ARG1*)	*	*	*	*	
-	*	*	*	*	*	*	*	
-	*	*	*	*	*	*	*	
-	*	*	*	(ARG1*)	*	*	*	
-	*	*	*	*	*	*	*	
V	*	*	*	(V*)	*	*	*	
-	*	*	*	(ARG1*	*	*	*	
V	*	*	*	*	(V*)	*	*	
-	*	*	*	*)	(ARG2*)	*	*	
-	*	*	*	*	*	*	*	
V	*	*	*	*	*	(V*)	*	
-	*	*	*	*	*	*	*	
-	*	*	*	*	*	*	*	
-	*	*	*	*	*	*	*	
V	*	*	*	*	*	*	(V*)	
-	*	*	*	*	*	*	*	
-	*	*	*	*	*	*	*	

-	
-	
-	

-	

-	(ARG1*	*	*	*	*	*	*	
-	*	*	*	*	*	*	*	
-	*)	*	*	*	*	*	*	
-	(ARG1*	*	*	*	*	*	*	
-	*)	*	*	*	*	*	*	
V	(V*)	*	*	*	*	*	*	
V	(ARG2*	(V*)	*	*	*	*	*	
-	*	*	*	*	*	*	*	
-	*	*	*	*	*	*	*	
V	*	*	(V*)	*	*	*	*	
-	*	*	(ARG1*	*	*	*	*	
V	*)	*	*)	(V*)	*	*	*	
-	*	*	*	*	*	*	*	
-	*	*	*	*	(ARG1*)	*	*	
V	*	*	*	*	(V*)	*	*	
-	*	*	*	*	(ARG2*	*	*	
V	*	*	*	*	*	(V*)	*	
-	*	*	*	*	*	(ARG1*	*	
V	*	*	*	*	*	*	(V*)	
-	*	*	*	*	*	*)	(ARG1*)	
-	*	*	*	*	*)	*	*	

-	
-	
-	

-	

V	(V*)	*	
-	*	(ARG0*)	
V	*	(V*)	
-	*	*	

-	
-	
-	
-	

-	*	*	
-	(ARG1*)	*	
V	(V*)	*	
-	(ARG1*	*	
-	*	*	
-	*	*	
V	*)	(V*)	
-	*	*	

-	

-	
-	
-	

-	*	(ARG1*	
-	*	*)	
V	(V*)	*	
V	*	(V*)	
-	*	*	
-	*	(ARG1*)	
-	*	*	

-	

-	

-	
-	
-	
-	
-	
-	

-	

-	
-	
-	

-	
-	

-	(ARG1*)	
V	(V*)	
-	*	
-	(ARG2*)	
-	*	

-	(ARG1*)	
V	(V*)	
-	(ARG2*	
-	*)	
-	*	
-	*	
-	*	

V	(V*)	*	
-	*	(ARG0*)	
V	*	(V*)	
-	*	(ARG1*	
-	*	*	
-	*	*	
-	*	*	
-	*	*)	
-	*	*	

-	
-	
-	
-	

V	(V*)	*	
-	*	(ARG0*)	
V	*	(V*)	
-	*	(ARG1*	
-	*	*	
-	*	*	
-	*	*	
-	*	*	
-	*	*)	
-	*	*	

-	
-	
-	
-	

-	*	*	*	
-	(ARGM-ADJ*)	*	*	
-	(ARGM-ADJ*)	*	*	
-	(ARGM-ADJ*)	*	*	
-	*	*	*	
V	(V*)	*	*	
-	*	(ARG0*)	*	
V	*	(V*)	*	
-	*	*	*	
-	*	(ARG1*	*	
-	*	*	(ARGM-ADJ*)	
V	*	*	(V*)	
-	*	*)	*	
-	*	*	*	

-	

-	(ARG2*)	
V	(V*)	
-	(ARG2*	
-	*	
-	*	
-	*)	
-	*	
-	*	
-	*	

-	
-	
-	
-	
-	
-	
-	
-	

V	(V*)	*	
-	*	(ARG0*)	
V	*	(V*)	
-	*	(ARG1*	
-	*	*	
-	*	*	
-	*	*	
-	*	*	
-	*	*	
-	*	*	
-	*	*	
-	*	*)	
-	*	*	

-	
-	
-	
-	

-	
-	

-	
-	
-	
-	
-	

-	(ARG1*)	
V	(V*)	
-	(ARG2*	
-	*	
-	*	
-	*)	

-	(ARGM-DIS*)	*	
-	*	*	
-	(ARG1*)	*	
V	(V*)	*	
-	(ARGM-NEG*)	*	
-	(ARG2*	*	
V	*)	(V*)	
-	*	*	

-	

-	*	(ARGM-DIS*)	
V	(V*)	*	
-	*	(ARG0*)	
V	*	(V*)	
-	*	*	
-	*	(ARG1*)	
-	*	*	
-	*	*	

-	(ARG1*)	*	*	*	
V	(V*)	*	*	*	
-	(ARG1*)	*	*	*	
-	*	*	*	*	
V	*	(V*)	*	*	
-	*	*	*	*	
V	*	*	(V*)	*	
-	*	*	*	*	
-	*	*	*	*	
V	*	*	*	(V*)	
-	*	*	*	*	

-	

-	

-	*	*	*	
-	*	(ARGM-ADV*)	*	
V	(V*)	*	*	
-	*	(ARG0*)	*	
V	*	(V*)	*	
-	*	(ARG1*	*	
V	*	*)	(V*)	
-	*	*	*	
-	*	*	(ARG1*)	
-	*	*	(ARG1*)	
-	*	*	*	

-	(ARGM-DIS*)	
-	*	
V	(ARG1*)	
-	(ARG1*	
-	*)	
-	*	

V	(V*)	
-	(ARG1*)	
-	*	
-	(ARGM-TMP*)	
-	*	

-	
-	
-	

-	

-	(ARG1*)	*	
V	(V*)	*	
-	*	*	
-	*	*	
-	*	(ARG1*)	
-	*	*	
V	*	(V*)	
-	*	*	

-	

-	*	
V	(V*)	

-	

-	*	*	*	
-	*	(ARG1*)	*	
V	(V*)	*	*	
-	*	(ARG0*)	*	
V	*	(V*)	*	
-	*	(ARG1*	*	
V	*	*	(V*)	
-	*	*	(ARG1*	
-	*	*	*	
-	*	*	*	
-	*	*	*)	
-	*	*	(ARGM-LOC*	
-	*	*	*	
-	*	*)	*)	
-	*	*	*	

-	*	*	
-	*	*	
-	(ARG1*)	*	
-	(ARG0*)	*	
V	(V*)	*	
-	(ARG1*)	*	
V	*	(V*)	
-	*	*	
-	(ARG1*)	*	
-	*	*	
-	*	*	
-	*	*	
-	*	*	
-	*	*	
-	(ARGM-ADJ*)	*	
-	*	*	
-	*	*	

-	
-	
-	
-	
-	
-	
-	
-	

-	*	(ARG1*	*	*	
-	*	*	*	*	
-	*	*)	*	*	
V	(V*)	*	*	*	
-	*	(ARG0*)	*	*	
V	*	(V*)	*	*	
V	*	*	(V*)	*	
-	*	*	*	*	
V	*	(ARG1*)	*	(V*)	
-	*	*	*	*	
-	*	*	*	*	
-	(ARG1*)	*	*	*	
-	*	*	*	*	
-	*	*	*	*	
-	*	*	*	*	
-	*	*	(ARG2*	*	
-	*	*	*	*	
-	*	*	*	*	
-	*	*	*	*	
-	*	*	*	*	
-	*	*	*	*	
-	*	*	*	*	
-	*	*	*	*	
-	*	*	*)	*	
-	*	*	*	*	

-	(ARGM-DIS*)	
-	*	
V	(V*)	
-	(ARG1*	
-	*)	
-	(ARGM-TMP*	
-	*)	
-	*	

-	(ARGM-PRR*	
-	*	
-	*)	
-	*	
-	(ARG0*)	
V	(V*)	
-	(ARG1*)	
-	*	
-	(ARG1*)	
-	*	
-	*	

-	
-	
-	
-	
-	
-	

-	*	
V	(V*)	
-	*	
-	(ARGM-TMP*)	
-	*	
-	*	
-	*	
-	*	

V	(V*)	*	*	
-	*	(ARG0*)	*	
V	*	(V*)	*	
-	*	(ARG1*	*	
V	*	*)	(V*)	
-	*	*	*	
-	*	*	(ARG1*)	
-	*	*	*	
-	*	*	(ARGM-TMP*)	
-	*	*	*	

-	*	
-	*	
-	(ARGM-NEG*)	
V	(V*)	
-	*	
-	*	
-	*	
-	(ARG1*)	
-	*	

-	*	(ARGM-DIS*)	*	
-	*	*	*	
-	*	*	*	
-	*	(ARG0*)	*	
V	(V*)	*	*	
V	*	(V*)	*	
-	*	(ARG1*	*	
-	*	*	(ARG1*)	
V	*	*	(V*)	
-	*	*	(ARG1*	
-	*	*	*	
-	*	*	*	
-	*	*	*	
-	*	*	*	
-	*	*)	*)	
-	*	*	*	
-	*	*	*	

-	(ARGM-MOD*)	*	*	
-	(ARG0*)	*	*	
V	(V*)	*	*	
-	*	*	*	
-	*	*	*	
V	*	(V*)	*	
-	*	(ARG1*	*	
-	*	*	*	
-	*	*	*	
-	*	*)	*	
-	*	(ARGM-PRP*	*	
V	*	*	(V*)	
-	*	*)	(ARG1*)	
-	*	*	*	
-	*	*	(ARGM-MNR*	
-	*	*	*)	
-	*	*	*	

-	(ARG0*)	*	*	
-	(ARGM-MOD*)	*	*	
V	(V*)	*	*	
-	(ARG1*	*	*	
-	*	*	*	
-	*	*	*	
-	*	*	*	
-	*)	*	*	
-	*	*	*	
-	*	*	*	
-	*	(ARG0*)	*	
V	*	(V*)	*	
-	*	(ARG1*)	*	
-	*	(ARGM-TMP*)	*	
-	*	*	*	
-	*	*	(ARG0*)	
-	*	*	(ARGM-MOD*)	
V	*	*	(V*)	
-	*	*	*	
-	*	*	(ARG1*)	
-	*	*	*	

-	*	*	*	
V	(V*)	*	*	
-	(ARG1*	*	*	
-	*)	*	*	
-	(ARGM-TMP*	*	*	
-	*	*	*	
-	*	*	*	
V	*)	(V*)	*	
-	*	*	(ARG0*)	
V	*	*	(V*)	
-	*	*	*	
-	*	*	(ARG1*)	
-	*	*	*	

-	(ARGM-DIS*)	*	
-	*	*	
-	(ARG0*)	*	
V	(V*)	*	
-	(ARG1*	*	
-	*	*	
-	*	*	
-	*	*	
-	*	*	
-	*	(ARG0*)	
V	*	(V*)	
-	*	(ARG2*	
-	*	*	
-	*	*	
-	*	*	
-	*	*	
-	*)	*)	
-	*	*	

-	(ARGM-DIS*)	
-	(ARG0*)	
V	(V*)	
-	*	
-	(ARG1*)	
-	*	
-	(ARGM-TMP*)	
-	*	

V	(V*)	*	
-	(ARG1*)	*	
-	*	(ARGM-TMP*)	
V	(ARG2*)	(V*)	
-	*	*	

-	*	*	*	
-	*	*	(ARG0*)	
-	(ARG1*)	*	*	
-	(ARG1*)	*	*	
V	(V*)	*	*	
V	*	(V*)	*	
-	*	*	(ARG0*)	
V	(ARG2*)	*	(V*)	
-	*	*	*	

-	(ARG0*)	*	*	
V	(V*)	*	*	
-	(ARG1*	*	*	
V	*)	(V*)	*	
-	*	*	*	
-	*	*	*	
-	*	*	(ARG0*)	
V	*	*	(V*)	
-	*	*	(ARG1*	
-	*	*	*)	
-	*	*	(ARG2*	
-	*	*	*	
-	*	*	*)	
-	*	*	*	

-	*	(ARG1*)	*	*	
V	(V*)	*	*	(ARG2*	
-	*	*	*	*	
-	(ARGM-EXT*)	*	*	*	
-	*	*	*	*)	
-	*	*	*	*	
-	*	*	(ARG0*)	*	
V	*	(V*)	*	*	
V	*	(ARG1*	(V*)	*	
-	*	*	(ARG1*	*	
-	*	*	*	*	
V	*	*)	*)	(V*)	
-	*	*	*	*	

-	
-	
-	
-	
-	
-	

-	(ARG2*)	*	
-	(ARG1*)	*	
V	(V*)	*	
V	(ARG2*	(V*)	
-	*)	*	

-	*	
-	*	
-	*	
-	*	
-	*	
V	(V*)	
-	(ARG1*)	
-	*	
-	(ARG2*	
-	*	
-	*	
-	*	
-	*)	
-	*	

-	(ARGM-ADV*	
-	*	
-	*	
-	*	
-	*)	
-	*	
-	*	
-	*	
-	*	
V	(V*)	
-	(ARG1*)	
-	(ARG1*	
-	*	
-	*	
-	*	
-	*	
-	*)	
-	*	

-	(ARG1*)	*	*	*	*	*	
V	(V*)	*	*	*	*	*	
-	(ARG2*)	*	*	*	*	*	
V	(ARG1*	(V*)	*	*	*	*	
-	*	*	*	*	*	*	
V	*	*	(V*)	*	*	*	
-	*	*	(ARG1*	*	*	*	
-	*	*	*	*	*	*	
V	*	*	*)	(V*)	*	*	
-	*	*	*	*	*	*	
-	*	*	(ARG1*	*	(ARGM-NEG*)	*	
V	*	*	*	*	(V*)	*	
-	*	*	*	*	(ARG1*)	*	
V	*	*	*)	*	*	(V*)	
-	*)	*	*	*	*	*	

-	
-	
-	
-	
-	

-	*	*	
-	*	(ARGM-ADV*	
-	*	*	
-	*	*	
-	*	*)	
-	*	(ARG1*	
-	*	*	
V	(V*)	*)	
-	*	*	
V	*	(V*)	
-	*	(ARG1*	
-	*	*	
-	*	*	
-	*	*	
-	*	*	
-	*	*	
-	*	*	
-	*	*	
-	*	*	
-	*	*	
-	*	*	
-	*	*	
-	*	*	
-	*	*	
-	*	*)	

-	
-	
-	
-	
-	

-	*	(ARG0*)	*	*	*	
V	(V*)	*	*	*	*	
V	*	(V*)	*	*	*	
-	*	*	*	*	*	
-	*	(ARG1*)	*	*	*	
-	*	*	*	*	*	
-	*	*	*	*	*	
-	*	*	*	*	*	
-	*	*	*	*	*	
-	*	*	*	*	*	
-	*	*	*	*	*	
-	*	*	*	*	*	
-	*	*	*	*	*	
V	*	*	(V*)	*	*	
-	*	*	(ARG2*	*	*	
-	*	*	*	(ARGM-EXT*)	*	
V	*	*	*	(V*)	*	
-	*	*	*	*	*	
V	*	*	*	*	(V*)	
-	*	*	*	*	(ARG1*	
-	*	*	*	*	*	
-	*	*	*	*	*	
-	*	*	*	*	*	
-	*	*	*)	*	*)	
-	*	*	*	*	*	

-	(ARGM-DIS*)	*	
V	(V*)	*	
-	(ARG1*	*	
-	*	*	
-	*	*	
-	*	*	
-	*	*	
-	*	*	
-	*	*	
V	*)	(V*)	
-	*	*	

V	(V*)	
-	(ARG1*)	
-	*	

-	

-	*	*	
V	(V*)	*	
-	*	(ARG0*)	
V	*	(V*)	
-	*	*	
-	*	(ARG1*)	
-	*	(ARG1*)	
-	*	(ARG1*	
-	*	*	
-	*	*	
-	*	*)	
-	*	*	

V	(V*)	
-	(ARG2*	
-	*	
-	*	
-	*	
-	*)	
-	*	

V	(V*)	
-	(ARG1*	
-	*)	
-	*	

V	(V*)	
-	*	

-	*	*	
-	(ARG1*	*	
-	*)	*	
-	*	*	
-	(ARGM-DIS*)	*	
V	(V*)	*	
-	(ARG1*	*	
-	*)	*	
-	(ARGM-PRP*	*	
V	*	(V*)	
-	*	(ARG1*	
-	*)	*)	
-	*	*	
-	*	*	

-	(ARG0*)	
V	(V*)	
-	(ARG1*	
-	*	
-	*)	
-	(ARGM-TMP*)	
-	*	
-	*	
-	(ARG1*)	
-	*	
-	*	

V	(V*)	*	
-	*	(ARG0*)	
V	*	(V*)	
-	*	(ARG1*	
-	*	*	
-	*	*	
-	*	*	
-	*	*)	
-	(ARG2*	*	
-	*	*	
-	*)	*	
-	*	*	

-	*	
-	*	
V	(V*)	
-	*	
-	*	
-	*	
-	*	

-	
-	
-	
-	
-	
-	
-	

-	(ARG1*	*	*	
-	*	*	*	
-	*	*	*	
-	*)	*	*	
V	(V*)	*	*	
-	(ARG1*	*	*	
-	*	*	*	
-	*)	*	*	
-	*	*	*	
-	*	(ARG0*)	*	
V	*	(V*)	*	
-	*	(ARG1*	*	
-	*	*	*	
-	*	*	*	
-	(ARG1*	*	*	
-	*	*	*	
-	*	*	*	
-	*	*	*	
-	*	*	*	
-	*	*	*	
-	*	*	*	
-	*	*	*	
V	*)	*)	(V*)	
-	*	*	*	

-	(ARGM-MOD*)	*	*	
-	(ARG0*)	*	*	
V	(V*)	*	*	
-	(ARG1*	*	*	
-	*	*	*	
-	*)	*	*	
-	*	*	*	
-	*	*	*	
-	*	*	(ARG1*)	
V	*	(V*)	(ARGM-MOD*)	
V	*	*	(V*)	
-	*	*	*	
-	*	*	*	

-	(ARGM-MOD*)	*	*	
-	(ARG0*)	*	*	
V	(V*)	*	*	
-	(ARG1*	*	*	
-	*	*	*	
-	*)	*	*	
-	*	*	*	
-	*	*	*	
-	*	*	(ARG1*)	
V	*	(V*)	(ARGM-MOD*)	
V	*	*	(V*)	
-	*	*	*	
-	*	*	*	

-	*	*	*	*	
-	(ARG0*)	*	*	*	
V	(V*)	*	*	*	
-	(ARG1*	*	*	*	
V	*	(V*)	*	*	
-	*)	(ARG1*)	*	*	
-	*	*	*	*	
-	*	*	(ARG1*)	*	
V	*	*	(V*)	*	
-	*	*	*	*	
-	*	*	*	*	
V	*	*	*	(V*)	

-	(ARGM-DIS*)	
-	*	
-	(ARG0*)	
-	*	
V	(V*)	
-	(ARG1*	
-	*	
-	*	
-	*)	
-	*	
-	*	
-	*	

-	
-	

-	
-	
-	
-	
-	
-	
-	
-	
-	
-	

V	(V*)	
-	*	
-	*	
-	(ARG1*)	
-	*	
-	(ARGM-ADJ*)	
-	(ARG1*)	
-	*	
-	*	
-	(ARG2*)	
-	*	
-	(ARG2*	
-	*	
-	*	
-	*	
-	*	
-	*	
-	*	
-	*	
-	*)	

-	*	*	*	*	*	*	
-	(ARG1*)	*	*	*	*	*	
-	*	*	*	*	*	(ARG2*	
-	*	*	*	*	*	*	
-	*	*	*	*	*	*	
-	*	*	*	*	*	*)	
-	*	(ARG0*)	(ARGM-NEG*	*	*	*	
V	(V*)	(ARGM-MOD*)	*	*	*	*	
V	*	(V*)	*)	*	*	*	
V	*	*	(V*)	*	*	*	
-	*	*	(ARG1*)	*	*	*	
-	*	*	*	*	*	*	
-	*	*	*	(ARG0*)	*	*	
-	*	*	*	(ARGM-MOD*)	*	*	
V	*	*	*	(V*)	*	*	
-	*	*	*	*	*	*	
-	*	*	*	(ARG1*)	*	*	
-	*	*	*	*	*	*	
-	*	*	*	*	(ARG1*)	*	
V	*	*	*	*	(V*)	*	
V	*	*	*	*	*	(V*)	

-	

-	*	
-	*	
V	(V*)	
-	*	
-	(ARGM-TMP*)	
-	*	

-	*	(ARG1*)	*	*	*	
V	(V*)	*	*	*	*	
-	*	*	*	*	*	
-	(ARG2*)	*	*	*	*	
-	*	(R-ARG1*)	*	*	*	
-	*	*	*	*	*	
V	*	(V*)	*	*	*	
-	*	(ARG1*	*	*	*	
-	*	*	*	*	*	
-	*	*	*	*	*	
-	*	*	*	*	*	
-	*	*	*	*	*	
V	*	*	(V*)	*	*	
-	*	*	(ARG1*	*	*	
-	*	*	*	*	*	
-	*	*)	*)	*	*	
-	*	*	*	*	*	
-	*	*	(ARG2*	(ARG1*)	*	
-	*	*	*	(R-ARG1*)	*	
-	*	*	*	(ARG0*)	*	
V	*	*	*	(V*)	*	
-	*	*	*)	(ARG1*)	*	
-	*	*	*	*	*	
-	*	*	*	*	*	
V	*	*	*	*	(V*)	
-	*	*	*	*	(ARG1*	
-	*	*	*	*	*	
-	*	*	*	*	*)	
-	*	*	*	*	*	

-	(ARG1*)	*	
V	(V*)	*	
-	(ARG2*)	*	
-	(ARGM-EXT*	*	
-	*	(ARG1*)	
V	*	(V*)	
-	*	(ARG2*	
-	*	*	
-	*	*	
-	*)	*)	

-	*	*	(ARG1*	
-	*	*	*	
V	(V*)	*	*)	
-	*	*	*	
-	*	*	*	
V	*	(V*)	*	
V	*	*	(V*)	
-	*	*	*	

-	
-	

-	
-	
-	
-	
-	

-	*	*	*	*	
-	*	*	*	*	
-	*	*	*	*	
-	*	*	*	*	
-	*	*	*	*	
-	*	*	*	*	
-	*	*	*	*	
V	(V*)	*	*	*	
-	*	*	*	*	
-	*	*	*	*	
-	*	*	*	*	
-	*	*	*	(ARG1*	
-	*	*	*	*	
-	*	*	*	*	
-	*	*	*	*	
V	*	(V*)	*	*	
-	*	*	*	*	
-	*	*	*	*)	
V	*	*	(V*)	*	
-	*	*	*	*	
-	*	*	*	*	
-	(ARG2*)	*	*	*	
V	*	*	*	(V*)	
-	*	*	*	(ARG2*	
-	*	*	*	*)	
-	*	*	*	*	

-	
-	
-	
-	
-	

-	(ARG0*)	
-	(ARGM-MOD*)	
-	(ARGM-NEG*)	
V	(V*)	
-	(ARG1*)	
-	(ARG1*	
-	*	
-	*	
-	*)	
-	*	

-	*	(ARG1*)	*	
V	(V*)	*	*	
-	*	*	*	
-	*	(ARGM-NEG*)	*	
V	*	(V*)	*	
-	*	(ARG1*	*	
-	*	*	*	
V	*	*)	(V*)	
-	*	(ARGM-TMP*)	*	
-	*	*	*	

V	(V*)	*	*	
-	(ARG1*)	*	*	
-	(ARG1*	(ARG0*)	*	
V	*)	(V*)	*	
-	*	*	(ARG1*	
-	*	*	*	
-	*	*	*)	
-	*	*	(R-ARG0*)	
V	*	*	(V*)	
-	*	*	(ARGM-MNR*	
-	*	*	*	
-	*	*	*)	
-	*	*	*	

-	
-	

-	
-	

-	
-	

-	
-	

-	*	
-	*	
-	*	
-	*	
-	*	
-	*	
-	*	
-	*	
-	*	
-	*	
V	(ARG2*)	
-	*	
-	*	
-	*	
-	*	

-	
-	
-	
-	

-	
-	
-	

-	*	(ARG1*	
-	*	*)	
V	(V*)	*	
-	*	(ARG0*)	
V	*	(V*)	
-	*	*	
-	*	*	

-	(ARG0*)	
V	(V*)	
-	(ARG1*	
-	*	
-	*)	
-	*	
-	(ARG1*)	
-	(ARG1*)	
-	*	
-	(ARG1*)	
-	*	

-	*	*	*	
V	(V*)	*	*	
-	*	*	*	
-	*	(ARG0*)	*	
V	*	(V*)	*	
-	*	(ARG1*	*	
V	*	*	(V*)	
-	*	*	(ARG1*	
-	*	*	*)	
-	*	*	(ARGM-TMP*	
-	*	*	*	
-	*	*)	*)	
-	*	*	*	

-	(ARG1*)	
V	(V*)	
-	*	
-	*	
-	*	
-	*	
-	*	

-	*	*	
-	*	*	
-	*	*	
-	*	(ARG0*)	
V	(V*)	(ARGM-MOD*)	
-	*	(ARGM-NEG*)	
-	*	*	
V	*	(V*)	
-	*	(ARG1*	
-	*	*	
-	*	*)	
-	*	*	

-	(ARG1*)	*	
V	(V*)	*	
-	*	*	
V	*	(V*)	
-	*	*	
-	*	*	

-	*	(ARG1*)	
V	(V*)	*	
-	*	(ARGM-NEG*)	
V	*	(V*)	
-	*	(ARG2*)	
-	*	*	

-	*	(ARGM-DIS*)	*	*	
-	*	*	*	*	
-	*	(ARG0*)	*	*	
V	(V*)	*	*	*	
-	*	(ARGM-NEG*)	*	*	
V	*	(V*)	*	*	
-	*	(ARG1*)	*	*	
-	*	(ARG1*)	*	*	
-	*	(ARG1*	*	*	
-	*	*	(ARG0*)	*	
V	*	*	(V*)	*	
-	*	*	(ARG1*	*	
-	*	*	*	*	
-	*	*)	*)	*	
-	*	*	*	*	
-	*	*	*	(ARG1*)	
-	*	*	*	*	
V	*	*	*	(V*)	
-	*	*	*	*	

-	*	(ARG1*)	
V	(V*)	*	
-	*	(ARG0*)	
V	*	(V*)	
-	*	*	
-	*	*	
-	*	(ARG1*)	
-	*	*	

-	(ARG0*)	
V	(V*)	
-	*	
-	(ARG1*)	
-	*	

-	*	(ARG1*	*	*	
V	(V*)	*)	*	*	
V	*	(V*)	*	*	
-	*	(ARG2*	*	*	
-	*	*	*	*	
-	*	*	*	*	
-	*	*)	*	*	
-	*	*	(ARG0*)	*	
-	*	*	(ARGM-MOD*)	*	
V	*	*	(V*)	*	
-	*	*	(ARG1*	*	
-	*	*	*	*	
-	*	*	*	*	
-	*	*	*	*	
V	*	*	*	(V*)	
-	*	*	*	(ARGM-TMP*	
-	*	*	*	*	
-	*	*	*)	*)	
-	*	*	*	*	

-	(ARG0*)	*	
-	(ARGM-MOD*)	*	
V	(V*)	*	
-	(ARG0*)	*	
-	(ARG1*)	*	
-	*	*	
V	*	(V*)	
-	*	*	
-	*	*	
-	(ARG1*)	*	
-	(ARG2*)	*	
-	*	*	

-	*	
-	(ARG0*)	
V	(V*)	
-	(ARG1*	
-	*	
-	*	
-	*)	
-	*	

-	(ARG0*)	*	*	
V	(V*)	*	*	
-	*	*	*	
-	(ARG2*	*	*	
-	*	(ARG1*)	*	
V	*)	(V*)	*	
-	(ARG1*	*	*	
V	*	*	(V*)	
-	*	*	(ARG1*	
-	*)	*	*)	
-	*	*	*	

-	

-	(ARG2*)	*	
V	(V*)	*	
-	(ARG2*	*	
V	*	(V*)	
-	*	*	
-	*	*	
-	*	*	
-	*	*	
-	*	*	
-	*)	*	
-	(ARG1*)	*	
-	*	*	
-	*	*	
-	*	*	

-	*	(ARG0*)	*	*	*	*	
V	(V*)	*	*	*	*	*	
V	*	(V*)	*	*	*	*	
-	*	(ARG1*	*	*	*	*	
V	*	*	(V*)	*	*	*	
-	*	*	(ARG1*	*	*	*	
-	*	*	*	*	*	*	
-	*	*	*)	*	*	*	
-	*	*	*	*	*	*	
V	*	*	*	(V*)	*	*	
-	*	*	*	(ARG1*	*	*	
-	*	*	*	*	*	*	
-	*	*	*	*)	*	*	
V	*	*	*	(ARGM-LOC*)	(V*)	*	
-	*	*	*	*	*	*	
-	*	*)	*	*	*	*	
-	*	*	*	*	*	(ARG1*)	
V	*	*	*	*	*	(V*)	
-	*	*	*	*	*	*	
-	*	*	*	*	*	*	
-	*	*	*	*	*	*	
-	*	*	*	*	*	(ARG2*)	
-	*	*	*	*	*	*	
-	*	*	*	*	*	*	
-	*	*	*	*	*	*	
-	*	*	*	*	*	*	
-	*	*	*	*	*	*	
-	*	*	*	*	*	*	
-	*	*	*	*	*	*	
-	*	*	*	*	*	*	
-	*	*	*	*	*	*	

-	(ARG0*)	*	*	
V	(V*)	*	*	
-	(ARG1*	(ARG0*	*	
-	*	*	*	
-	*	*)	*	
-	*	(R-ARG0*)	*	
V	*)	(V*)	*	
-	*	*	*	
-	*	*	*	
V	*	(ARG2*)	(V*)	
-	*	*	*	

-	*	*	*	*	
V	(V*)	*	*	*	
-	*	(ARG0*)	*	*	
V	*	(V*)	*	*	
-	*	(ARG1*)	*	*	
-	*	*	*	(ARG1*	
V	*	*	(V*)	*)	
V	*	(ARG1*)	*	(V*)	
-	*	*	*	*	

V	(V*)	

-	*	*	
-	(ARG0*)	*	
V	(V*)	*	
-	(ARG1*	*	
-	*)	*	
-	*	*	
-	*	(ARG0*)	
-	*	(ARGM-MOD*)	
-	*	(ARG0*)	
-	*	(ARGM-MOD*)	
V	*	(V*)	
-	*	(ARG2*)	
-	*	*	
-	*	(ARG2*	
-	*	*)	
-	*	*	

-	(ARG0*)	
V	(V*)	
-	*	
-	(ARG1*	
-	*)	
-	*	
-	*	
-	(ARG2*)	
-	*	
-	*	

-	*	*	*	*	*	*	*	*	
-	*	*	*	(ARG1*)	*	*	*	*	
-	(ARGM-MOD*)	*	*	*	*	*	*	*	
-	*	*	*	*	*	*	*	*	
V	(V*)	*	*	*	*	*	*	*	
V	(ARG2*)	(V*)	*	*	*	*	*	*	
-	*	*	*	*	*	*	*	(ARG1*	
-	*	*	*	*	*	*	*	*	
-	*	*	*	(ARG0*)	*	*	*	*	
V	*	*	(V*)	*	*	*	*	*	
-	*	*	*	*	*	*	*	*	
V	*	*	*	(V*)	*	*	*	*	
-	*	*	*	(ARG1*)	*	*	*	*	
-	*	*	*	(ARG1*	*	*	*	*	
-	*	*	*	*	*	*	*	*	
-	*	*	*	*)	*	*	*	*	
-	*	*	*	(ARG1*	*	*	*	*	
-	*	*	*	*	*	*	*	*	
-	*	*	*	*	(ARG0*)	*	*	*	
-	*	*	*	*	(ARGM-MOD*)	*	*	*	
V	*	*	*	*	(V*)	*	*	*	
-	*	*	*	*	*	*	*	*	
-	*	*	*	*	(ARG1*	*	*	*	
V	*	*	*	*	*	(V*)	*	*	
-	*	*	*	*)	*)	(ARG1*)	*	*)	
-	*	*	*	*	*	*	*	*	
-	*	*	*	*	*	(ARGM-TMP*	*	*	
-	*	*	*	*	*	*)	*	*	
-	*	*	*	*	*	*	*	*	
-	*	*	*	*	*	*	(ARG0*)	(ARGM-MOD*	
V	*	*	*	*	*	*	(V*)	*)	
-	*	*	*	*	*	*	(ARG1*	*	
V	*	*	*	*	*	*	*	(V*)	
-	*	*	*	*	*	*	*	(ARG1*	
-	*	*	*	*	*	*	*)	*)	
-	*	*	*	*	*	*	*	*	
-	*	*	*	*	*	*	*	*	
-	(ARG1*	*	*	*	*	*	*	*	
-	*	*	*	*	*	*	*	*	
-	*)	*	*	*	*	*	*	*	
-	*	*	*	*	*	*	*	*	
-	*	*	*	*	*	*	*	*	
-	*	*	*	*	*	*	*	*	

V	(V*)	*	
-	*	(ARG0*)	
-	*	*	
V	*	(V*)	
-	*	*	
-	*	*	
-	*	*	
-	*	(ARG1*)	
-	*	*	

-	*	(ARG0*)	*	*	*	*	*	
V	(V*)	*	*	*	*	*	*	
V	*	(V*)	(ARGM-NEG*)	*	*	*	*	
V	*	(ARG1*	(V*)	*	*	*	*	
-	*	*	(ARG1*	*	*	*	*	
-	*	*	*	*	*	*	*	
-	*	*	*)	*	*	*	*	
-	*	*	(ARGM-TMP*)	*	*	*	*	
-	*	*	*	(R-ARG0*)	*	*	*	
V	*	*	*	(V*)	*	*	*	
-	*	*	*	(ARG1*	(ARG0*)	*	*	
V	*	*	*	*	(V*)	*	*	
-	*	*	*	*	(ARG1*	*	*	
V	*	*)	*	*)	*)	(V*)	*	
-	*	*	*	*	*	*	*	
-	*	*	*	*	*	(ARG1*	*	
-	*	*	*	*	*	*	(ARGM-ADJ*)	
V	*	*	*	*	*	*)	(V*)	
-	*	*	*	*	*	*	*	

V	(V*)	*	*	*	*	*	*	
V	*	(V*)	*	*	*	*	*	
-	*	(ARG1*	*	*	*	*	*	
-	*	*	(ARG0*)	*	*	*	*	
V	*	*	(V*)	*	*	*	*	
-	*	*	(ARG1*	*	*	*	*	
-	*	*	*	*	*	*	*	
V	*	*)	*)	(V*)	*	*	*	
-	*	*	*	*	*	*	*	
-	*	*	*	*	*	*	*	
-	*	*	*	*	*	(ARG1*)	*	
-	*	*	(ARGM-TMP*)	*	*	*	*	
V	*	*	*	*	(V*)	*	*	
-	*	*	*	*	(ARGM-TMP*	*	*	
V	*	*	*	*	*	(V*)	*	
-	*	*	*	*	*)	*	*	
V	*	*	*	*	*	*	(V*)	

-	*	(ARG1*)	*	
V	(V*)	*	*	
-	*	*	*	
-	*	*	*	
-	*	*	*	
-	*	(ARG0*)	*	
V	*	(V*)	*	
-	*	(ARG1*	*	
-	*	*	*	
-	*	*)	*	
-	*	(ARG1*	*	
-	*	*	*	
V	*	*)	(V*)	
-	*	*	*	

-	*	(ARG0*)	*	*	
V	(V*)	*	*	*	
V	*	(V*)	*	*	
-	*	(ARG1*	*	*	
-	*	*)	*	*	
V	*	(ARG1*	(V*)	*	
-	*	*	(ARG1*	*	
V	*	*	*)	(V*)	
-	*	*	(ARG1*	*	
-	*	*	*	*	
-	*	*)	*)	*	
-	*	*	*	*	

-	
-	
-	
-	
-	
-	

-	(ARG1*)	*	
V	(V*)	*	
-	(ARG2*	*	
-	*	*	
-	*	*	
-	*	*	
-	*	(ARG0*)	
-	*	(ARGM-MOD*)	
V	*)	(V*)	
-	*	*	
-	*	(ARGM-TMP*	
-	*	*	
-	*	*)	

-	(ARG0*)	
V	(V*)	
-	(ARG1*)	
-	(ARG1*	
-	*	
-	*)	
-	*	
-	*	

-	*	
-	(ARG0*)	
V	(V*)	
-	(ARG1*	
-	*	
-	*	
-	*)	
-	*	

-	(ARG0*)	*	*	*	*	
V	(V*)	*	*	*	*	
-	(ARG1*)	*	*	*	*	
-	(ARGM-TMP*	*	*	*	*	
-	*	*	*	*	*	
-	*)	*	*	*	*	
-	*	*	*	*	*	
-	*	*	*	*	*	
V	*	(V*)	*	*	*	
-	*	(ARG1*)	*	*	*	
-	*	(ARG1*	*	*	*	
-	*	*	*	*	*	
-	*	*	*	*	*	
V	*	*	(V*)	*	*	
-	*	*	*	*	*	
-	*	*)	*	*	*	
-	(ARG1*	*	*	*	*	
-	*)	*	*	*	*	
-	*	*	*	*	*	
-	*	*	*	*	*	
-	*	*	*	*	*	
-	(ARG1*	*	*	*	*	
-	*)	*	*	*	*	
-	*	*	*	*	(ARG1*	
V	*	*	*	(V*)	*)	
V	(ARGM-ADV*)	*	*	*	(V*)	
-	*	*	*	*	*	

V	(V*)	*	*	
-	*	*	*	
-	(ARG1*	*	*	
-	*)	*	*	
-	*	*	(ARGM-LVB*	
V	*	(V*)	*	
-	*	(ARG1*)	*)	
-	*	(ARG1*	*	
V	*	*)	(V*)	
-	*	*	*	

-	

-	(ARG2*)	
V	(V*)	
-	(ARG2*	
-	*	
-	*	
-	*	
-	*)	

-	*	*	(ARG0*)	*	*	*	*	*	
V	(V*)	*	*	*	*	*	*	*	
V	*	(V*)	*	*	*	*	*	*	
V	*	*	(V*)	*	*	*	*	*	
-	*	*	*	*	*	*	*	*	
-	*	*	*	*	*	*	*	*	
-	*	*	*	*	*	*	*	*	
-	*	*	*	*	*	*	*	*	
-	(ARG1*)	*	*	*	*	*	*	*	
-	(ARG1*)	*	*	*	*	*	*	*	
-	*	*	(ARGM-MNR*)	*	*	*	*	*	
V	*	*	*	(V*)	*	*	*	*	
-	*	*	*	*	*	*	*	*	
V	*	*	*	*	(V*)	*	*	*	
-	*	*	*	*	(ARG1*	*	*	*	
-	*	*	*	*	*	*	*	*	
-	*	*	*	*	*	*	*	*	
-	*	*	*	*	*	*	*	*	
-	*	*	*	*	*)	*	*	*	
-	*	*	*	*	*	*	*	*	
-	*	*	*	*	*	*	(ARG0*)	*	
V	*	*	*	*	*	(V*)	(ARGM-MOD*)	*	
V	*	*	*	*	*	*	(V*)	*	
-	*	*	*	*	*	*	(ARG1*)	*	
-	(ARGM-ADJ*	*	*	*	*	*	(ARG1*	(ARGM-MOD*)	
V	*	*	*	*	*	*	*	(V*)	
-	*	*	*	*	*	*	*	*	
-	*	*	*	*	*	*	*	*	
-	*)	*	*	*	*	*	*	*	
-	(ARGM-ADJ*)	*	*	*	*	*	*	*	
-	*	*	*	*	*	*	*)	*	
-	*	*	*	*	*	*	*	*	

-	(ARG0*)	
V	(V*)	
-	(ARG1*)	
-	*	
-	*	
-	*	
-	(ARG2*	
-	*	
-	*	
-	*	
-	*)	
-	*	

-	*	(ARGM-DIS*)	*	*	*	
-	*	(ARG1*)	*	*	*	
V	(V*)	*	*	*	*	
V	*	(V*)	*	*	*	
-	*	*	*	*	*	
V	*	(ARG2*	(V*)	*	*	
-	*	*	*	*	*	
V	*	*)	*	(V*)	*	
-	*	*	*	*	*	
-	*	*	*	*	*	
-	*	*	*	*	(ARG1*	
-	*	*	*	*	*	
-	*	*	*	*	*)	
V	*	*	*	*	(V*)	
-	*	*	*	*	*	
-	*	(ARGM-ADV*)	*	*	*	
-	*	*	*	*	*	

V	(V*)	

-	
-	
-	
-	

-	(ARG1*)	*	
V	(V*)	*	
-	*	*	
V	(ARG2*)	(V*)	

-	*	
V	(V*)	
-	*	
-	*	
-	*	
-	*	
-	*	

-	*	(ARG0*)	
V	(V*)	*	
V	*	(V*)	
-	*	(ARG1*	
-	*	*	
-	*	*	
-	*	*	
-	*	*)	
-	*	*	

-	*	*	(ARG1*)	*	
V	(V*)	*	*	*	
V	*	(V*)	*	*	
V	*	*	(V*)	*	
V	*	*	*	(V*)	
-	*	*	*	(ARGM-TMP*	
-	*	*	*	*	
-	*	*	*	*	
-	*	*	*	*	
-	*	*	*	*)	
-	*	*	*	*	

-	*	*	
-	(ARG0*)	*	
V	(V*)	*	
-	(ARG1*	*	
V	*	(V*)	
-	*	(ARG1*)	
-	*	(ARGM-TMP*	
-	*)	*)	
-	*	*	

-	(ARG1*)	
V	(V*)	
-	(ARG2*	
-	*	
-	*)	
-	(ARG1*	
-	*	
-	*)	

-	(ARG0*)	*	*	
-	(ARGM-MOD*)	*	*	
V	(V*)	*	*	
-	*	*	*	
V	(ARG1*	(V*)	*	
-	*	(ARG1*)	*	
-	*	(ARG1*	*	
-	*	*	(ARG1*)	
V	*	*	(V*)	
-	*	*	*	
-	*	*	*	
-	*)	*)	*	
-	*	*	*	

-	(ARG0*)	*	*	
-	(ARGM-DIS*)	*	*	
V	(V*)	*	*	
-	(ARG1*	*	*	
V	*	(V*)	*	
-	*	(ARG1*	*	
-	*	*)	*	
V	*	(ARG1*	(V*)	
-	*	*	*	
-	*)	*)	*	
-	*	*	*	

-	
-	

-	(ARGM-DIS*)	
-	*	
-	(ARG0*)	
-	(ARGM-MOD*)	
V	(V*)	
-	(ARG1*	
-	*)	
-	*	

-	
-	
-	
-	
-	
-	
-	

-	*	
-	*	
V	(V*)	
-	*	
-	*	
-	*	
-	*	
-	*	
-	*	
-	*	
-	*	
-	*	
-	*	

-	(ARG1*	*	*	
-	*	*	*	
-	*)	*	*	
V	(V*)	*	*	
-	(ARG2*	*	*	
V	*	(V*)	*	
-	*	*	*	
-	*	*	*	
-	*	*	*	
-	*	*	*	
-	*	*	*	
-	*)	*	*	
-	*	*	(ARG1*)	
V	*	*	(V*)	
-	*	*	*	
-	*	*	(ARG2*)	
-	*	*	*	

-	(ARG1*)	
V	(V*)	
-	*	
-	*	
-	(ARGM-PRR*	
-	*)	
-	*	
-	*	
-	*	
-	(ARG1*)	
-	*	
-	*	

-	
-	
-	

-	
-	
-	
-	
-	
-	
-	
-	
-	
-	
-	
-	
-	
-	

-	*	
V	(V*)	
-	(ARG2*	
-	*	
-	*	
-	*)	

-	
-	
-	
-	
-	
-	
-	

-	*	*	*	*	*	
-	*	*	*	*	*	
V	(V*)	*	*	*	*	
-	*	(ARG0*)	*	*	*	
V	*	(V*)	*	*	*	
-	*	(ARG1*	*	*	*	
-	*	*	*	(ARG0*)	*	
V	*	*	(V*)	(ARGM-MOD*)	*	
V	*	*	*	(V*)	*	
-	*	*	*	(ARG1*	*	
V	*	*	*	*	(V*)	
-	*	*)	*	*)	(ARGM-MNR*)	
-	*	*	*	*	*	

-	*	(ARGM-DIS*)	
V	(V*)	*	
-	*	(ARG0*)	
V	*	(V*)	
-	*	(ARGM-TMP*	
-	*	*	
-	*	*)	
-	*	*	

-	(ARG1*)	*	
V	(V*)	*	
-	(ARG2*	(ARGM-EXT*)	
V	*	(V*)	
-	*)	*	

-	(ARGM-DIS*	*	(ARGM-EXT*	
-	*	*	*	
-	*)	*	*	
-	*	*	*	
V	(V*)	*	*	
-	*	*	*	
-	*	*	*	
V	*	(V*)	*	
-	(ARG2*)	*	*)	
-	*	*	*	
V	*	*	(V*)	
-	*	*	*	

-	

-	
-	
-	

-	
-	
-	
-	
-	

-	
-	
-	

-	*	*	*	(ARG1*	
-	*	*	*	*)	
V	(V*)	*	*	*	
-	(ARG2*	*	*	*	
V	*	(V*)	*	*	
V	*)	*	(V*)	*	
-	*	*	*	*	
-	*	*	(ARG1*	*	
-	*	*	*	*	
-	*	*	*)	*	
-	*	*	*	*	
-	*	*	*	*	
-	*	*	*	(ARG1*	
-	*	*	*	*)	
-	*	*	*	*	
-	*	*	*	(ARG0*)	
V	*	*	*	(V*)	
-	*	*	*	*	

-	*	(ARGM-DIS*)	
-	*	*	
-	*	(ARG0*)	
V	(V*)	*	
-	*	*	
V	*	(V*)	
-	*	(ARG1*)	
-	*	*	

-	*	(ARG0*)	
V	(V*)	*	
V	*	(V*)	
-	*	(ARG1*)	
-	*	*	
-	*	*	
-	*	*	

V	(V*)	*	
-	*	*	
-	*	(ARG1*)	
-	*	*	
-	*	*	
-	*	*	
V	*	(V*)	
-	*	*	
-	*	*	
-	*	*	

-	*	*	*	*	
-	*	(ARG0*)	*	*	
V	(V*)	*	*	*	
V	*	(V*)	*	*	
-	*	(ARG1*	*	*	
V	*	*	(V*)	*	
-	*	*	(ARG1*	*	
-	*	*	*	*	
-	*	*)	*)	*	
-	(ARGM-TMP*	*	*	*	
-	*	*	*	*	
-	*	*	*	*	
V	*)	*	*	(V*)	
-	(ARGM-TMP*	*	*	*	
-	*)	*	*	*	
-	*	*	*	*	

-	*	(ARGM-ADV*	*	
-	*	*	*	
-	*	*	*	
-	*	*)	*	
-	*	*	*	
V	(V*)	*	*	
-	*	(ARG0*)	*	
V	*	(V*)	*	
-	*	(ARG1*	*	
V	*	*	(V*)	
-	*	*)	(ARG1*)	
-	(ARG1*	*	*	
-	*	*	*	
-	*	*	*	
-	*)	*	*	
-	*	*	*	

-	
-	

-	*	(ARG0*)	*	
V	(V*)	(ARGM-MOD*)	*	
-	*	(ARGM-NEG*)	*	
V	*	(V*)	*	
-	*	(ARG1*)	*	
V	*	*	(V*)	

-	(ARG0*)	*	
-	(ARGM-MOD*)	*	
V	(V*)	*	
-	(ARG1*)	*	
-	*	*	
-	*	*	
-	*	*	
V	(ARGM-TMP*)	(V*)	
-	*	*	

-	(ARGM-DIS*)	*	*	*	
-	(ARG0*)	*	*	*	
-	(ARGM-MOD*)	*	*	*	
V	(V*)	*	*	*	
-	(ARG1*	*	*	*	
-	*	*	*	*	
-	*	*	*	*	
-	*)	*	*	*	
-	*	*	*	*	
-	*	*	*	*	
-	*	*	*	*	
-	*	*	*	*	
-	*	*	*	*	
V	*	(V*)	(ARG1*)	*	
-	*	*	*	*	
-	*	*	(ARG1*)	*	
V	*	*	(V*)	*	
-	*	*	(ARG2*	*	
-	*	*	*	*	
-	*	*	*	*	
V	*	*	*)	(V*)	
-	*	*	*	*	

V	(V*)	
-	*	
-	*	
-	*	
-	*	
-	*	

-	*	*	
-	(ARG0*)	*	
V	(V*)	*	
-	(ARG1*	*	
-	*	*	
-	*	*	
-	*	*	
-	*	*	
-	*)	*	
-	(ARGM-LOC*	*	
-	*	*	
V	*	(V*)	
-	*	*	
-	*)	*	
-	*	*	

V	(V*)	*	*	
-	(ARG1*	*	*	
-	*	(ARG0*)	*	
V	*	(V*)	*	
-	*	(ARG1*	*	
-	*	*	*	
-	*	*)	*	
-	*	(ARGM-PRP*	*	
-	*	*	(ARG0*)	
V	*	*	(V*)	
-	*	*	(ARG1*	
-	*)	*)	*)	
-	*	*	*	

-	*	*	*	*	*	*	
-	*	*	(ARG1*)	*	*	*	
V	(V*)	*	*	*	*	*	
V	(ARG2*)	(V*)	*	*	*	*	
-	*	*	*	*	*	(ARG2*	
V	*	*	(V*)	*	*	*)	
-	*	*	*	*	*	*	
-	*	*	(ARG1*	*	*	*	
-	*	*	*)	*	*	*	
-	*	*	*	*	(ARG0*	*	
-	*	*	*	*	*	*	
-	*	*	*	*	*	*	
V	*	*	*	(V*)	*)	*	
-	*	*	*	*	(ARG1*	*	
-	*	*	*	*	*	*	
-	*	*	*	*	*)	*	
-	*	*	*	*	*	*	
V	*	*	*	*	(V*)	*	
-	*	*	*	*	(ARG1*	*	
-	*	*	*	*	*	*	
-	*	*	*	*	*	*	
-	*	*	*	*	*	*	
-	*	*	*	*	*)	*	
-	(ARG1*	*	*	*	*	*	
V	*)	*	*	*	*	(V*)	
-	*	*	*	*	*	*	

-	(ARG0*	
-	*)	
-	(ARGM-MOD*)	
V	(V*)	
-	*	

V	(V*)	
-	(ARG1*)	

-	(ARG1*)	*	
-	(ARGM-MOD*)	*	
V	(V*)	*	
V	(ARG2*	(V*)	
-	*)	*	
-	*	*	
-	(ARG2*)	*	
-	*	*	

-	(ARG0*)	*	
-	(ARGM-MOD*)	*	
V	(V*)	*	
-	(ARG1*)	*	
-	(ARG2*	*	
-	*)	*	
-	(ARGM-TMP*	(ARG0*)	
V	*)	(V*)	
-	*	*	

-	(ARG0*)	*	
-	*	*	
-	(ARG0*)	*	
V	(V*)	*	
-	(ARG1*	*	
-	*	*	
-	*	(ARG0*)	
V	*	(V*)	
-	*	(ARG1*)	
-	*	(ARG1*	
-	*	*	
-	*)	*)	
-	*	*	

-	*	
-	(ARG1*)	
-	*	
-	(ARG0*)	
V	(V*)	
-	(ARG1*)	
-	*	

-	
-	
-	
-	

-	*	
-	*	
V	(V*)	

V	(V*)	*	
-	(ARG1*)	*	
-	*	*	
-	*	*	
-	*	*	
-	*	*	
V	*	(V*)	
-	*	(ARG1*)	
-	*	*	

-	

-	
-	
-	

-	*	*	*	
V	(V*)	*	*	
-	*	(ARG1*)	*	
V	*	(V*)	*	
-	*	(ARG2*	*	
V	*	*)	(V*)	
-	*	(ARG2*	*	
-	*	*	*	
-	*	*	*	
-	*	*)	*	

-	

-	*	
V	(V*)	
-	*	

V	(V*)	*	*	*	*	*	
-	(ARG1*	*	*	*	*	*	
-	*)	*	*	*	*	*	
-	*	*	*	*	*	*	
V	(ARG1*	(V*)	*	*	*	*	
-	*	(ARG1*)	*	*	*	*	
V	*	(ARG1*	(V*)	*	*	*	
-	*)	*)	*	*	*	*	
-	*	*	*	*	*	*	
V	*	*	*	(V*)	*	*	
-	*	*	*	(ARG1*)	*	*	
-	*	*	*	(ARG2*	*	(ARG1*	
-	*	*	*	*	*	*	
-	*	*	*	*	*	*	
-	*	*	*	*	*	*	
-	*	*	*	*)	*	*)	
-	*	*	*	*	*	(R-ARG1*)	
V	*	*	*	*	(V*)	(ARGM-MOD*)	
-	*	*	*	*	*	*	
-	*	*	*	*	*	*	
-	*	*	*	*	*	*	
V	*	*	*	*	*	(ARG2*)	
-	*	*	*	*	*	*	
-	*	*	*	*	*	*	

-	*	
-	*	
-	*	
-	*	
-	*	
-	*	
-	*	
-	*	
-	*	
-	*	
-	*	
-	*	
-	(ARG1*)	
V	(V*)	
-	*	
-	(ARG2*	
-	*	
-	*)	
-	*	

-	(ARG0*)	
V	(V*)	
-	*	
-	(ARG1*)	
-	*	
-	*	
-	*	
-	(ARGM-TMP*)	
-	*	

-	*	*	
V	(V*)	*	
-	*	*	
-	(ARG1*)	*	
-	*	(ARG1*)	
V	(ARG2*	(V*)	
-	*)	(ARGM-TMP*)	
-	*	*	

-	*	*	*	*	*	
-	*	*	*	*	*	
-	*	*	*	*	(ARGM-ADJ*)	
-	*	(ARG1*)	*	*	*	
V	(V*)	*	*	*	*	
V	*	(V*)	*	*	*	
V	*	(ARG1*)	(V*)	*	*	
-	*	*	*	*	*	
-	*	*	*	*	*	
-	*	*	*	*	*	
V	*	*	*	(V*)	*	
-	*	*	*	*	*	
V	*	*	*	*	(V*)	
-	*	*	*	*	(ARG1*	
-	*	*	*	*	*)	
-	*	*	*	*	*	
-	*	*	*	*	*	

-	
-	
-	
-	
-	

-	*	*	
-	(ARGM-ADV*)	*	
-	(ARGM-ADV*)	*	
-	*	*	
-	(ARG1*)	*	
V	(V*)	*	
-	(ARG2*	*	
V	*)	(V*)	
-	(ARG2*	*	
-	*	*	
-	*	*	
-	*	*	
-	*	*	
-	*)	*	
-	*	*	

-	*	(ARG1*)	
V	(V*)	*	
-	*	*	
-	*	*	
-	*	(ARG2*)	
-	*	*	
-	*	(ARGM-MOD*)	
-	*	(ARG2*	
-	*	*	
-	*	*	
-	*	*	
-	*	*)	
V	*	(V*)	
-	*	*	

-	*	*	*	*	*	
-	*	*	*	*	*	
-	*	*	*	*	*	
-	*	*	*	*	*	
-	(ARG0*)	*	*	*	*	
-	(ARGM-MOD*)	*	*	*	*	
V	(V*)	*	*	*	*	
-	(ARG1*)	*	*	*	*	
-	*	*	*	*	*	
-	*	*	(ARG1*)	*	*	
V	*	(V*)	*	*	*	
V	*	*	(V*)	*	*	
-	*	*	*	*	*	
-	*	*	*	*	*	
-	*	*	*	*	(ARG1*	
-	*	*	*	*	*)	
-	*	*	*	*	(ARG1*)	
V	*	*	*	(V*)	*	
V	*	*	*	*	(ARGM-NEG*)	
-	*	*	*	*	*	
-	*	*	*	*	*	

-	*	
V	(V*)	
-	*	

-	(ARG0*)	
V	(V*)	
-	*	
-	*	
-	(ARG1*)	
-	*	

V	(V*)	
-	(ARGM-GOL*	
-	*	
-	*)	

-	*	*	*	*	*	
-	*	(ARG1*	*	*	*	
-	*	*)	*	*	*	
V	(V*)	*	*	*	*	
-	*	*	*	*	*	
V	*	(V*)	*	*	*	
-	*	*	*	*	*	
-	*	*	*	*	*	
-	*	*	*	(ARG1*	*	
-	*	*	*	*	*	
-	*	*	*	*)	*	
V	*	*	(V*)	*	*	
-	*	*	*	(ARGM-NEG*)	*	
V	*	*	*	(V*)	*	
-	*	*	*	(ARG1*)	*	
-	*	*	*	*	*	
-	*	*	*	*	*	
-	*	*	*	(ARG1*	(ARG0*)	
-	*	*	*	*	(ARGM-MOD*)	
-	*	*	*	*	(ARGM-NEG*)	
V	*	*	*	*	(V*)	
-	*	*	*	*	(ARG1*	
-	*	*	*	*)	*)	

-	(ARG0*	*	*	*	*	*	
-	*)	*	*	*	*	*	
V	(V*)	*	*	*	*	*	
-	*	*	*	*	*	*	
-	(ARGM-TMP*)	*	*	*	*	*	
V	*	(V*)	*	*	*	*	
-	(ARGM-TMP*)	*	*	*	*	*	
-	*	*	*	*	*	*	
-	*	*	(ARG0*)	*	*	*	
V	*	*	(V*)	*	*	*	
-	*	*	(ARG1*	*	*	*	
-	*	*	*)	*	*	*	
-	*	*	(ARG1*	*	*	*	
V	*	*	*	(V*)	*	*	
-	*	*	*	(ARG1*	*	*	
-	*	*	*	*	*	*	
-	*	*	*)	*)	*	*	
-	*	*	*	*	*	*	
-	*	*	*	*	*	*	
-	*	*	*	*	(ARGM-ADV*)	*	
V	*	*	*	*	(V*)	*	
-	*	*	*	*	(ARG1*	*	
-	*	*	*	*	*	*	
-	*	*	*	*	*)	*	
-	*	*	*	*	(ARGM-PRP*	*	
V	*	*	*	*	*	(V*)	
-	*	*	*	*	*	(ARG1*)	
-	*	*	*	*	*	(ARG2*	
-	*	*	*	*	*)	*)	
-	*	*	*	*	*	*	

-	(ARG1*)	
V	(V*)	
-	(ARG2*	
-	*	
-	*	
-	*	
-	*	
-	*	
-	*	
-	*)	

-	*	*	*	*	
-	*	*	*	*	
-	(ARG1*)	*	*	*	
-	*	(ARG1*	*	*	
-	*	*)	*	*	
V	(V*)	*	*	*	
V	*	(V*)	*	*	
-	*	*	*	*	
V	*	*	(V*)	*	
-	*	*	*	*	
-	*	*	*	*	
V	*	*	*	(V*)	
-	*	*	*	*	

V	(V*)	*	*	
V	*	(V*)	*	
-	*	*	*	
-	*	(ARG1*	(ARG0*)	
V	*	*)	(V*)	
-	*	*	*	
-	*	*	(ARG1*)	
-	*	*	*	
-	*	*	*	

-	*	
V	(V*)	
-	*	
-	*	
-	*	

-	(ARG2*)	*	(ARGM-PRR*	
V	(V*)	*	*	
-	*	*	*	
-	*	*	*	
-	*	*	*	
V	*	(V*)	*	
-	*	(ARG1*	*	
-	*	*	*	
-	*	*	*	
-	*	*	*)	
V	(ARG1*)	*)	(V*)	
-	*	*	*	

-	*	*	
-	(ARG1*	*	
-	*)	*	
V	(V*)	*	
-	*	*	
-	*	*	
-	*	*	
V	*	(V*)	
-	*	*	
-	*	*	

-	(ARG0*)	*	*	
-	(ARGM-MOD*)	*	*	
V	(V*)	*	*	
-	(ARG1*)	*	*	
V	(ARG1*)	(V*)	*	
-	(ARG1*	*	*	
V	*	*	(V*)	
-	*	*	(ARG1*	
-	*	*	*	
-	*)	*	*)	
-	*	*	*	

-	*	
V	(V*)	
-	*	
-	*	
-	*	
-	*	

-	*	
-	*	
V	(V*)	
-	*	
-	*	

-	
-	
-	

-	
-	
-	
-	
-	
-	

-	*	
-	*	
-	*	
-	(ARG1*)	
-	*	
-	(ARG0*)	
V	(V*)	
-	*	
-	*	

-	*	(ARG0*)	*	
V	(V*)	*	*	
V	*	(V*)	*	
-	*	(ARG1*	(ARG0*	
-	*	*	*	
-	*	*	*)	
-	*	*	(R-ARG0*)	
V	*	*	(V*)	
-	*	*	(ARG1*	
-	*	*	*	
-	*	*	*)	
-	*	*	(ARGM-LOC*	
-	*	*	*	
-	*	*	*	
-	*	*	*	
-	*	*	*	
-	*	*	*	
-	*	*	*)	
-	*	*	*	
-	*	*	*	
-	*	*	*	
-	*	*)	*	
-	*	*	*	

-	*	(ARG0*)	*	*	*	
V	(V*)	*	*	*	*	
V	*	(V*)	*	*	*	
-	*	(ARG1*	*	*	*	
V	*	*	(V*)	*	*	
-	*	*	(ARG1*	*	*	
-	*	*	*	*	*	
-	*	*	*	*	*	
-	*	*)	*)	*	*	
-	*	*	*	*	*	
-	*	*	*	*	*	
-	*	*	(ARGM-TMP*)	*	*	
-	*	*	*	*	*	
-	*	*	*	*	*	
-	*	*	*	(ARGM-DIS*)	*	
V	*	*	*	(V*)	*	
-	*	*	*	(ARG1*	*	
-	*	*	*	*	*	
-	*	*	*	*	*	
-	*	*	*	*	*	
-	*	*	*	*	*	
-	*	*	*	*	(ARG0*)	
-	*	*	*	*	(ARGM-MOD*)	
V	*	*	*	*	(V*)	
-	*	*	*	*)	*	

-	*	*	
-	*	*	
-	*	*	
V	(V*)	*	
-	*	(ARG0*	
-	*	*	
-	*	*)	
V	*	(V*)	
-	*	*	
-	*	*	
-	*	*	
-	*	*	

-	(ARGM-DIS*	
-	*)	
-	(ARG0*)	
-	(ARGM-MOD*)	
V	(V*)	
-	(ARG1*	
-	*	
-	*	
-	*)	
-	(ARGM-TMP*	
-	*	
-	*	
-	*	
-	*)	
-	*	

V	(V*)	*	
-	(ARG1*	*	
V	*)	(V*)	
-	*	*	
-	*	*	
-	*	(ARG1*)	

-	(ARG0*)	
V	(V*)	
-	(ARG1*	
-	*	
-	*)	
-	*	

-	(ARG2*)	*	*	*	
V	(V*)	*	*	*	
-	*	*	*	(ARGM-PRR*	
-	*	*	*	*	
-	*	*	*	*	
-	*	*	*	*	
V	*	(V*)	*	*	
-	*	(ARG1*	*	*	
-	*	*)	*	*	
V	*	*	(V*)	*	
-	*	*	(ARG1*	*	
-	*	*	*)	*	
-	*	*	(ARG1*	*	
-	(ARG1*	*	*	*	
-	*	*	*	*	
-	*	*	*	*	
-	*)	*	*	*)	
-	(ARG1*	*	*	*	
-	*	*	*	*	
-	*	*	*	*	
-	*	*	*	*	
-	*	*	*	*	
V	*)	*	*)	(V*)	
-	*	*	*	*	

-	(ARG1*	*	*	
-	*	*	*	
-	*	*	*	
-	*	*	*	
-	*	*	*	
-	*)	*	*	
V	(V*)	*	*	
-	(ARG1*	*	*	
V	*	(V*)	*	
-	*	*	*	
-	*	*	*	
-	*	*	*	
-	*	*	*	
V	*	*	(V*)	
-	*	*	(ARG1*	
-	*	*	*	
-	*)	*	*)	
-	*	*	*	

-	(ARG1*)	*	*	*	*	*	*	
V	(V*)	*	*	*	*	*	(ARGM-NEG*	
-	*	*	*	*	*	*	*	
-	*	*	*	*	*	*	*	
-	*	*	*	*	*	*	*	
-	*	*	*	*	*	*	*	
-	*	*	*	*	*	*	*)	
-	*	*	*	*	*	*	*	
-	*	(ARG0*)	*	*	*	*	*	
V	*	(V*)	*	*	*	*	*	
-	*	(ARG1*	*	*	*	*	*	
-	*	*	*	*	*	*	*	
-	*	*)	*	*	*	*	*	
-	*	(ARG2*)	*	*	*	*	*	
-	*	*	*	*	*	*	*	
-	*	*	(ARG0*)	*	*	*	*	
-	*	*	(ARGM-MOD*)	*	*	*	*	
V	*	*	(V*)	*	*	*	*	
-	(ARGM-ADJ*	*	(ARG1*	*	*	*	*	
-	*)	*	*	*	*	*	*	
V	*	*	*	(V*)	*	*	*	
-	*	*	*	(ARG2*	*	*	*	
-	*	*	*	*	*	*	*	
-	*	*	*	*	*	*	*	
-	*	*	*	*)	*	*	*	
-	*	*	*)	*	*	*	*	
-	*	*	*	*	*	*	*	
-	*	*	*	*	(ARGM-ADV*)	*	*	
V	*	*	*	*	(V*)	*	*	
-	*	*	*	*	(ARG1*	*	*	
-	*	*	*	*	*	*	*	
-	*	*	*	*	*	*	*	
-	*	*	*	*	*	*	*	
-	*	*	*	*	*	*	*	
-	(ARG1*	*	*	*	*	*	*	
-	*	*	*	*	*	*	*	
-	*	*	*	*	*	*	*	
V	*	*	*	*	*	(V*)	*	
-	*	*	*	*	*	(ARG1*)	*	
V	*	*	*	*	*	(ARG1*	(V*)	
-	*)	*	*	*	*)	*)	(ARG1*)	
-	*	*	*	*	*	*	*	

V	(V*)	
-	(ARG1*)	
-	*	

-	
-	
-	

-	(ARG1*)	*	
V	(V*)	*	
-	(ARG2*	*	
V	*	(V*)	
-	*	*	
-	*	*	
-	*)	*	

-	(ARGM-MOD*)	*	*	
-	(ARG0*)	*	*	
V	(V*)	*	*	
-	(ARG1*	*	*	
-	*	*	*	
-	*	*	*	
-	*	(ARG0*)	*	
V	*	(V*)	*	
-	*	(ARG1*	*	
-	*	*	(ARG0*)	
V	*	*	(V*)	
-	*)	*)	(ARG1*)	
-	*	*	*	

-	(ARG0*)	
-	(ARGM-MOD*)	
-	(ARGM-NEG*)	
V	(V*)	
-	(ARG1*	
-	*)	
-	(ARGM-TMP*)	
-	*	

-	*	*	*	*	
-	*	*	*	*	
-	(ARG1*)	*	*	*	
V	(V*)	*	*	*	
-	*	*	*	*	
-	(ARG1*)	*	*	*	
-	*	*	(ARG1*	*	
-	*	*	*	*	
V	*	(V*)	*	*	
-	*	*	*	*	
-	*	*	*)	*	
-	*	*	*	*	
-	*	*	*	*	
-	*	*	*	*	
-	*	*	*	*	
V	*	*	(V*)	*	
-	*	*	(ARG2*	*	
V	*	*	*)	(V*)	
-	*	*	*	*	
-	*	*	*	*	
-	*	*	*	*	
-	*	*	*	(ARG1*	
-	*	*	*	*)	
-	*	*	*	*	

-	(ARG0*)	*	*	
V	(V*)	*	*	
-	*	*	*	
-	(ARG1*)	*	*	
-	*	*	*	
-	*	*	*	
-	*	*	*	
-	*	*	*	
-	*	*	*	
-	*	*	*	
-	*	*	*	
-	*	*	*	
V	*	(V*)	*	
V	*	(ARG1*)	(V*)	
-	*	*	*	

V	(V*)	*	*	
-	*	*	*	
-	*	*	(ARG1*)	
-	*	*	(ARG0*)	
V	*	(V*)	(ARGM-MOD*)	
V	*	*	(ARG1*)	
-	*	*	(ARG2*)	
-	*	*	*	

-	(ARG0*)	*	
V	(V*)	*	
-	(ARG1*	*	
V	*	(V*)	
-	*)	(ARG2*)	
-	*	*	
-	*	*	
-	*	*	
-	*	(ARG1*)	
-	*	*	
-	*	*	
-	*	*	
-	*	*	
-	*	*	
-	*	*	
-	*	*	
-	*	(ARG1*)	
-	*	*	
-	*	*	
-	*	*	
-	*	*	
-	*	*	
-	*	*	
-	*	*	

V	(V*)	*	
-	*	(ARG0*	
-	*	*)	
-	*	(ARGM-MOD*)	
V	*	(V*)	
-	*	(ARG1*	
-	*	*	
-	*	*)	
-	*	*	

-	
-	
-	
-	
-	
-	
-	

-	(ARG0*)	*	*	
V	(V*)	*	*	
-	(ARG1*	*	(ARG0*)	
V	*	(V*)	*	
V	*	*	(V*)	
-	*	*	(ARG1*	
-	*	*	*	
-	*	*	*	
-	*)	*	*)	
-	*	*	*	

-	*	(ARGM-DIS*)	*	
-	*	*	*	
-	*	*	*	
-	*	(ARG0*)	*	
V	(V*)	*	*	
-	*	(ARGM-NEG*)	*	
V	*	(V*)	*	
-	*	(ARG1*	*	
-	*	*	*	
-	*	*	*	
-	*	*)	*	
-	*	(ARG1*	(ARG1*)	
V	*	*	(V*)	
-	*	*)	*	
-	*	*	*	

-	(ARGM-DIS*)	*	*	
-	*	*	*	
-	(ARG0*)	*	*	
-	(ARG0*)	*	*	
-	(ARGM-MOD*)	*	*	
-	(ARGM-NEG*)	*	*	
V	(V*)	*	*	
-	(ARG1*	*	*	
-	*	(ARG0*)	*	
V	*	(V*)	*	
-	*	(ARG1*	*	
V	*	*	(V*)	
-	*)	*)	(ARG1*)	
-	*	*	*	

-	(ARG0*	*	
-	*	*	
-	*)	*	
-	(ARGM-MOD*)	*	
V	(V*)	*	
-	(ARG1*	(ARG0*	
-	*	*	
-	*	*)	
-	*	(R-ARG0*)	
V	*	(V*)	
-	*	(ARG1*	
-	*	*	
-	*)	*)	
-	*	*	
-	*	*	
-	*	*	
-	*	*	
-	*	(ARGM-LOC*)	
-	*	*	
-	*	*	
-	*	*	
-	*	*	
-	*	*	
-	*	*	
-	*	*	
-	*	*	
-	*	*	
-	*	*	

V	(V*)	*	*	*	*	
-	*	(ARGM-NEG*)	*	*	*	
V	*	(V*)	*	*	*	
-	*	(ARG1*	*	*	*	
V	*	*	(V*)	*	*	
-	*	*	(ARG1*	*	*	
-	*	*	*	*	*	
-	*	*	*)	*	*	
-	*	*	(ARGM-LOC*	*	*	
-	*	*	*	*	*	
-	*	*)	*)	*	*	
-	*	*	*	(ARG1*	*	
-	*	*	*	*	*	
-	*	*	*	*)	*	
V	*	*	*	(V*)	*	
V	*	*	*	(ARG2*)	(V*)	
-	*	*	*	(ARG2*	*	
-	*	*	*	*	*	
-	*	*	*	*)	*	
-	*	*	*	*	*	

-	
-	
-	
-	
-	
-	
-	
-	

V	(V*)	*	
-	(ARG1*	*	
-	*	*	
-	*	*	
-	*	*	
-	*)	*	
V	(ARGM-PRP*	(V*)	
-	*	(ARG1*	
-	*)	*)	
-	*	*	

-	(ARG1*	*	
-	*)	*	
-	(ARGM-MOD*)	*	
V	(V*)	*	
V	(ARG2*	(V*)	
-	*	*	
-	*	*	
-	*	*	
-	*	*	
-	*	*	
-	*)	*	

-	(ARG0*)	*	*	
-	(ARGM-MOD*)	*	*	
V	(V*)	*	*	
-	(ARG1*	*	*	
V	*	(V*)	*	
-	*)	(ARG1*)	*	
-	*	*	*	
-	*	*	*	
-	*	*	*	
-	*	*	*	
-	*	*	*	
-	*	*	*	
-	*	*	*	
-	*	*	*	
-	*	*	*	
V	*	*	(V*)	
-	*	*	*	

-	*	*	*	*	*	*	
-	*	*	*	*	*	*	
-	*	*	*	*	*	*	
-	*	*	*	*	*	*	
-	*	*	*	*	*	*	
-	*	(ARGM-ADV*)	*	*	*	*	
-	*	*	*	*	*	*	
-	*	(ARG0*)	*	*	*	*	
V	(V*)	(ARGM-ADV*)	*	*	*	*	
V	*	(V*)	*	*	*	*	
-	*	(ARG1*	*	*	*	*	
V	*	*	(V*)	*	*	*	
-	*	*	(ARG1*)	*	*	*	
-	*	*)	(ARG1*)	*	*	*	
-	*	*	*	*	*	*	
-	*	*	*	*	*	*	
-	*	*	*	*	*	*	
-	*	*	*	(ARG1*)	*	*	
-	*	*	*	*	*	*	
V	*	*	*	(V*)	*	*	
V	*	*	*	(ARG2*	(V*)	*	
-	*	*	*	*)	*	*	
V	*	*	*	*	*	(V*)	

-	(ARG0*)	*	*	
-	(ARGM-ADV*)	*	*	
V	(V*)	*	*	
-	(ARG1*	*	*	
-	*	*	*	
-	*	*	*	
-	*	*	*	
-	*	*	*	
-	*	*	*	
-	*	*	*	
-	*	*	*	
-	*	*	*	
V	*	(V*)	*	
-	*	(ARG1*	*	
V	*	*	(V*)	
-	*	*	*	
-	*	*	*	
-	*	*)	*	
-	*)	*	*	

-	*	
-	*	
-	*	
V	(V*)	
-	*	
-	*	
-	*	
-	*	

-	*	
V	(V*)	
-	(ARG1*	
-	*	
-	*	
-	*)	
-	*	

V	(V*)	
-	(ARG1*)	

-	*	(ARG1*	
-	*	*	
-	*	*	
-	*	*	
-	*	*)	
V	(V*)	(ARGM-MOD*)	
-	*	(ARGM-NEG*)	
V	*	(V*)	
-	*	*	

-	*	*	(ARG1*	*	*	*	*	*	*	
-	*	*	*	*	*	*	*	*	*	
-	*	*	*	*	*	*	*	*	*	
-	*	*	*	*	*	*	*	*	*	
-	*	*	*	*	*	*	*	*	*	
-	*	*	*)	*	*	*	*	*	*	
V	(V*)	*	*	*	*	*	*	*	*	
V	*	(V*)	*	*	*	*	*	*	*	
V	*	*	(V*)	*	*	*	*	*	*	
-	*	(ARG2*)	*	*	*	*	*	*	*	
-	*	*	*	*	*	*	*	*	*	
-	*	*	*	*	*	*	*	*	*	
V	*	*	*	(V*)	*	*	*	*	*	
-	*	*	*	(ARG1*	*	*	*	*	*	
-	*	*	*	*	(ARG0*)	*	*	*	*	
-	*	*	*	*	(ARGM-MOD*)	*	*	*	*	
V	*	*	*	*	(V*)	*	*	*	*	
-	*	*	*	*	(ARG1*)	*	*	*	*	
-	*	*	*	*	*	*	*	*	*	
-	*	*	*	*	*	*	(ARG1*	*	*	
-	*	*	*	*	*	*	*)	*	*	
V	*	*	*	*	*	(V*)	*	*	*	
-	*	*	*	*	*	*	(ARGM-NEG*)	*	*	
V	*	*	*	*)	*	*	(V*)	*	*	
-	*	*	*	*	*	*	*	*	*	
-	*	*	*	*	*	*	*	*	(ARG1*	
V	*	*	*	*	*	*	*	(V*)	*)	
-	*	*	*	*	*	*	*	*	*	
-	*	*	*	*	*	*	(ARG1*	*	*	
-	*	*	*	*	*	*	*	*	*	
-	*	*	*	*	*	*	*)	*	*	
-	*	*	*	*	*	*	*	*	*	
-	*	*	*	*	*	*	*	*	(ARG1*)	
-	*	*	*	*	*	*	*	*	(ARGM-MOD*)	
-	*	*	*	*	*	*	*	*	(ARG0*)	
V	*	*	*	*	*	*	*	*	(V*)	
-	*	*	*	*	*	*	*	*	*	

-	*	*	*	*	*	*	*	*	*	*	*	
V	(V*)	*	*	*	*	*	*	*	*	*	*	
-	(ARG1*	*	*	*	*	*	*	*	*	*	*	
-	*)	*	*	*	*	*	*	*	*	*	*	
-	*	(ARG1*)	*	*	*	*	*	*	*	*	*	
V	*	(V*)	*	*	*	*	*	*	*	*	*	
-	*	(ARG1*	*	*	*	*	*	*	*	*	*	
V	*	*	(V*)	*	*	*	*	*	*	*	*	
-	*	*	(ARG1*	*	*	*	*	*	*	*	*	
-	*	*	*)	*	*	*	*	*	*	*	*	
-	*	*	*	*	*	*	*	*	*	*	*	
V	*	*	*	(V*)	*	*	*	*	*	*	*	
-	*	*	*	(ARG1*	*	*	*	*	*	*	*	
-	*	*	*	*	*	*	*	*	*	*	*	
V	*	*	*	*)	(V*)	*	*	*	*	*	*	
-	*	*	*	(ARG1*	*	*	*	*	*	*	*	
-	*	*	*	*	*	*	*	*	*	*	*	
-	*	*	*	*	*	*	*	*	*	*	*	
-	*	*	*	*	*	*	*	*	*	*	*	
-	*	*	*	*	*	*	*	*	*	*	*	
V	*	*	*	*	*	(V*)	*	*	*	*	*	
-	*	*	*	*	*	(ARG1*)	*	*	*	*	*	
-	*	*	*	*	*	(ARGM-LOC*	*	*	*	*	*	
-	*	*	*	*	*	*	*	*	*	*	*	
-	*	*	*	*)	*	*)	*	*	*	*	*	
-	*	*	*	*	*	*	*	*	*	*	*	
-	*	*	*	*	*	*	*	*	*	*	*	
-	*	*	*	*	*	*	(ARG0*)	*	*	*	*	
V	*	*	*	*	*	*	(V*)	*	*	*	*	
-	*	*	*	*	*	*	(ARG1*	(ARG1*	*	*	*	
-	*	*	*	*	*	*	*	*	*	*	*	
-	*	*	*	*	*	*	*	*)	*	*	*	
V	*	*	*	*	*	*	*	(V*)	*	*	*	
-	*	*	*	*	*	*	*	(ARG2*)	*	*	*	
-	*	*	*	*	*	*	*	(ARG1*	*	*	*	
-	*	*	*	*	*	*	*	*	*	*	*	
-	*	*	*	*	*	*	*	*	*	*	*	
-	*	*	*	*	*	*	*	*	*	*	*	
-	*	*)	*	*	*	*	*)	*)	*	*	*	
-	*	*	*	*	*	*	*	*	*	*	(ARGM-NEG*	
-	*	*	*	*	*	*	*	*	*	*	*	
-	*	*	*	*	*	*	*	*	*	(ARG0*)	*	
V	*	*	*	*	*	*	*	*	(V*)	*	*	
-	*	*	*	*	*	*	*	*	*	(ARGM-NEG*)	*	
V	*	*	*	*	*	*	*	*	*	(V*)	*)	
V	*	*	*	*	*	*	*	*	*	(ARG1*	(V*)	
-	*	*	*	*	*	*	*	*	*	*	(ARGM-DIR*)	
-	*	*	*	*	*	*	*	*	*	*	(ARGM-LOC*	
-	*	*	*	*	*	*	*	*	*	*)	*)	

V	(V*)	
-	(ARG1*)	
-	(ARG1*	
-	*	
-	*)	
-	*	

-	(ARGM-DIS*)	
V	(V*)	
-	(ARG1*)	
-	(ARG1*	
-	*	
-	*)	

-	*	*	
-	(ARG1*)	*	
-	*	*	
-	(ARG0*)	*	
V	(V*)	*	
-	(ARG1*	*	
-	*	(ARG0*)	
-	*	*	
V	*)	(V*)	
-	*	*	
-	*	(ARG1*)	
-	*	(ARG1*	
-	*	*)	
-	*	(ARG2*	
-	*	*	
-	*	*	
-	*	*	
-	(ARG1*	*	
-	*)	*)	
-	*	*	

-	*	(ARGM-DIS*)	*	*	
-	*	*	*	*	
-	*	(ARG0*)	*	*	
V	(V*)	*	*	*	
V	*	(V*)	*	*	
-	*	(ARG1*	*	*	
V	*	*	(V*)	*	
-	*	*)	(ARG1*)	*	
-	*	*	*	(ARG1*	
-	*	*	*	*	
-	*	*	*	*	
-	*	*	*	*	
-	*	*	*	*)	
-	(ARG1*	*	*	*	
-	*	*	*	*	
-	*	*	*	*	
-	*)	*	*	*	
-	(ARG1*	*	*	*	
-	*)	*	*	*	
-	*	*	(ARG1*	(ARG0*)	
-	*	*	*	(ARGM-NEG*)	
V	*	*	*	(V*)	
-	*	*	*	*	
-	*	*	*	(ARG1*	
-	*	*	*	*)	
-	*	*	*	(ARGM-LOC*	
-	*	*	*	*	
-	*	*	*)	*)	
-	*	*	*	*	

-	(ARG0*)	*	*	*	*	*	
-	(ARGM-NEG*)	*	*	*	*	*	
V	(V*)	*	*	*	*	*	
-	(ARG1*	*	*	*	*	*	
V	*	(V*)	*	*	*	*	
-	*	*	*	*	*	*	
-	*	*	*	*	*	*	
-	*	(ARG1*)	*	*	*	*	
-	*	(ARGM-LOC*	*	*	*	*	
-	*	*	*	*	*	*	
-	*)	*)	*	*	*	*	
-	*	*	*	*	*	*	
-	*	*	*	(ARG0*)	*	*	
V	*	*	(V*)	*	*	*	
-	*	*	*	(ARGM-NEG*)	*	*	
V	*	*	*	(V*)	*	*	
-	*	*	*	*	*	*	
-	*	*	*	(ARG1*)	*	*	
-	*	*	*	(ARG1*	(ARG0*)	*	
-	*	*	*	*	*	*	
V	*	*	*	*)	(V*)	*	
-	*	*	*	*	*	*	
-	*	*	*	*	*	*	
-	*	*	*	*	(ARG1*)	*	
-	*	*	*	*	*	*	
-	*	*	*	*	*	*	
-	*	*	*	*	*	*	
V	*	*	*	*	*	(V*)	
-	*	*	*	*	*	(ARG1*)	

V	(V*)	*	*	
-	(ARG1*	*	*	
-	*)	*	*	
-	(ARG2*	*	*	
-	*)	*	*	
-	*	(ARG1*	*	
-	*	*)	*	
-	*	(R-ARG0*)	*	
V	*	(V*)	*	
-	*	*	*	
-	*	*	(ARGM-EXT*)	
-	*	*	(ARG1*)	
V	*	*	(V*)	
-	*	*	*	

-	(ARGM-DIS*)	
V	(V*)	
-	*	
-	(ARG1*)	
-	*	
-	*	
-	*	
-	*	
-	*	
-	(ARG2*)	
-	*	

-	*	(ARG1*	
-	*	*)	
-	*	*	
-	(ARG0*)	(ARG1*	
V	(V*)	*)	
V	(ARG1*)	(V*)	
-	*	*	

-	(ARG0*)	*	*	
V	(V*)	*	*	
V	(ARG1*)	(V*)	*	
-	(ARGM-LOC*	*	*	
-	*	*	*	
-	*	*	*	
-	*	*	*	
-	*	*	*	
-	*	*	*	
-	*	*	*	
-	*	*	*	
-	*	*	*	
-	*	*	*	
V	*)	*	(V*)	
-	*	*	*	

-	(ARG0*)	*	*	
V	(V*)	*	*	
V	(ARG1*	(V*)	*	
-	*)	*	*	
-	(ARG2*	*	*	
-	*	*	*	
-	*)	*	*	
-	*	*	*	
-	*	*	(ARG2*	
-	*	*	*	
-	*	*	*	
-	*	*	*	
-	*	*	*	
-	*	*	*)	
V	*	*	(V*)	
-	*	*	*	

-	(ARG0*)	*	*	
V	(ARGM-LVB*)	*	*	
-	(ARG1*	*	*	
-	*	*	*	
-	*	*	*	
-	*)	*	*	
V	*	(V*)	*	
-	*	*	*	
-	(ARG1*)	*	*	
-	*	*	*	
-	*	*	(ARG1*)	
V	*	*	(V*)	
-	*	*	*	
-	*	*	(ARG2*)	
-	*	*	*	

-	*	
-	*	
-	*	
-	*	
-	*	
-	*	
-	*	
-	*	
-	*	
-	*	
-	*	
-	(ARG1*)	
V	(V*)	
-	(ARG2*	
-	*)	
-	*	

-	(ARG2*)	
V	(V*)	
-	(ARG1*	
-	*	
-	*	
-	*	
-	*	
-	*	
-	*	
-	*	
-	*)	

-	

-	*	*	*	
-	*	*	*	
-	*	(ARG1*)	*	
V	(V*)	(ARGM-MOD*)	*	
-	*	(ARGM-ADV*)	*	
V	*	(V*)	*	
-	*	(ARG1*	*	
-	*	*)	*	
-	*	*	*	
-	*	*	(ARG0*)	
V	*	*	(V*)	
-	*	*	*	
-	*	*	(ARG1*)	
-	*	*	*	
-	*	*	*	
-	*	*	*	

-	(ARG1*)	*	*	*	
V	(V*)	*	*	*	
V	(ARG2*)	(V*)	*	*	
-	*	*	*	*	
-	(ARG2*)	*	*	*	
V	*	*	(V*)	*	
V	*	*	(ARG2*	(V*)	
-	*	*	*)	*	

-	*	*	*	
-	(ARG1*)	*	*	
V	(V*)	*	*	
-	(ARG1*	*	*	
-	*	*	*	
-	*	*	*	
-	*	*	*	
-	*)	*	*	
V	*	(V*)	*	
-	*	*	*	
V	*	(ARG2*)	(V*)	

V	(V*)	
-	(ARG1*)	

-	
-	
-	
-	
-	
-	
-	
-	
-	

V	(V*)	
-	*	
-	(ARG2*)	
-	*	

-	(ARG0*)	*	
V	(V*)	*	
-	(ARG1*)	*	
-	*	*	
-	*	(ARG1*)	
V	*	(V*)	
-	*	(ARG1*)	
-	*	*	

-	*	
-	(ARG1*)	
V	(V*)	
-	(ARG1*	
-	*)	
-	*	
-	*	
-	*	
-	*	
-	*	
-	*	
-	*	
-	(ARG2*)	
-	*	
-	*	
-	*	

-	(ARG1*	*	
-	*	*	
-	*)	*	
V	(V*)	*	
V	(ARG2*)	(V*)	
-	(ARG2*	*	
-	*	*	
-	*	*	
-	*	*	
-	*)	*	

-	
-	
-	
-	
-	
-	
-	
-	

-	*	*	
-	(ARG1*)	*	
-	*	*	
-	*	*	
V	(V*)	*	
-	*	*	
-	*	*	
V	*	(V*)	
-	*	*	
-	*	(ARG1*)	
-	*	*	
-	*	*	
-	*	(ARGM-TMP*)	
-	*	*	
-	*	*	

V	(V*)	*	*	*	*	*	
-	(ARG1*)	*	*	*	*	*	
-	*	*	*	*	*	*	
-	(ARG1*	*	*	*	*	*	
-	*	(ARG0*)	*	*	*	*	
V	*	(V*)	*	*	*	*	
-	*	(ARG1*	*	*	*	*	
-	*	*	*	*	*	*	
-	*	*	*	*	*	*	
-	*	*	*	*	*	*	
-	*	*	*	*	*	*	
-	*	*	*	*	*	*	
-	*	*	*	*	*	*	
-	*)	*)	*	*	*	*	
-	*	*	(ARG0*	*	*	*	
-	*	*	*)	*	*	*	
-	*	*	(R-ARG0*)	*	*	*	
V	*	*	(V*)	*	*	*	
-	*	*	*	*	*	*	
-	*	*	*	(ARG1*)	*	*	
V	*	*	*	(V*)	*	*	
-	*	*	*	(ARG1*	*	*	
V	*	*	*	*	(V*)	*	
-	*	*	*	*	(ARG1*	*	
-	*	*	*	*	*	*	
-	*	*	*	*	*	*	
-	*	*	*	*	*	*	
-	*	*	*	*	*	*	
-	*	*	*	*)	*)	*	
-	*	*	*	*	*	*	
-	*	*	*	*	*	*	
-	*	*	*	*	*	*	
-	*	*	*	*	*	(ARG0*)	
V	*	*	*	*	*	(V*)	
-	*	*	*	*	*	(ARG1*)	
-	*	*	*	*	*	(ARG1*	
-	*	*	*	*	*	*	
-	*	*	*	*	*	*	
-	*	*	*	*	*	*)	
-	*	*	*	*	*	*	

-	*	(ARG1*	*	
-	*	*)	*	
V	(V*)	*	*	
-	*	(ARGM-NEG*)	*	
V	*	(V*)	*	
V	*	(ARG1*)	(V*)	
-	*	*	*	
-	*	(ARGM-MNR*)	*	
-	*	*	*	

V	(V*)	*	*	
V	(ARG1*	(V*)	*	
V	*	*	(V*)	
-	*	*	(ARG1*	
-	*)	*	*)	
-	*	*	*	

-	(ARG0*)	*	*	
V	(V*)	*	*	
-	*	*	*	
-	(ARG1*)	*	*	
-	*	(R-ARG0*)	*	
V	*	(V*)	*	
-	*	*	*	
V	*	*	(V*)	
-	*	*	*	
-	*	(ARG2*)	*	
-	*	*	*	

-	(ARG0*)	
-	(ARGM-MOD*)	
V	(V*)	
-	(ARG1*	
-	*	
-	*)	
-	(ARG1*)	
-	*	

-	(ARG0*	*	*	*	*	*	*	
-	*	*	*	*	*	*	*	
-	*	*	*	*	*	*	*	
-	*	*	*	*	*	*	*	
-	*)	*	*	*	*	*	*	
V	(V*)	*	*	*	*	*	*	
-	*	*	(ARG0*)	*	*	*	*	
V	*	(V*)	(ARGM-MOD*)	*	*	*	*	
-	*	*	(ARGM-NEG*)	*	*	*	*	
V	*	*	(V*)	*	*	*	*	
-	*	*	*	*	*	*	*	
-	*	*	(ARG1*)	*	*	*	*	
-	*	*	*	*	*	*	*	
-	*	*	*	(ARG1*)	*	*	*	
V	*	*	*	(V*)	*	*	*	
V	*	*	*	(ARG2*)	(V*)	*	*	
-	(ARG2*	*	*	*	*	*	*	
V	*	*	*	*	*	(V*)	*	
-	*)	*	*	*	*	(ARG1*)	*	
V	*	*	*	*	*	*	(V*)	
-	*	*	*	*	*	*	*	
-	*	*	*	*	*	(ARG1*)	*	
-	*	*	*	*	*	*	*	

-	*	*	*	*	*	
-	*	*	*	*	*	
-	(ARG1*)	*	*	*	*	
V	(V*)	*	*	*	*	
V	(ARG2*)	(V*)	*	*	*	
-	*	*	*	*	*	
-	*	*	(ARG0*)	*	*	
V	*	*	(V*)	*	*	
-	*	*	(ARG1*	(ARG0*)	*	
V	*	*	*	(V*)	*	
-	*	*	*	(ARG1*	*	
V	*	*	*	*)	(V*)	
-	*	*	*	(ARG2*	*	
-	*	*	*	*	*	
-	*	*	*	*	*	
-	*	*	*	*	*	
-	*	*	*	*	*	
-	*	*	*	*	*	
-	*	*	*	*	*	
-	*	*	*	*	*	
-	*	*	*	*	*	
-	*	*	*	*	*	
-	*	*	*	*	*	
-	*	*	*)	*)	*	

-	(ARG0*)	*	*	
V	(V*)	*	*	
-	(ARG1*)	(ARGM-MOD*	*	
-	(ARG1*	*)	*	
V	*	(V*)	*	
V	*)	*	(V*)	
-	*	*	*	

-	(ARG0*)	*	*	
V	(V*)	*	*	
-	(ARG1*	(ARG0*)	*	
-	*	(ARGM-MOD*)	*	
V	*	(V*)	*	
-	*	(ARG1*	*	
-	*	*	(ARGM-ADJ*)	
V	*	*)	(V*)	
-	*	(ARGM-LOC*	*	
-	*	*	*	
-	*	*	*	
-	*	*	*	
-	*	*	*	
-	*	*	*	
-	*)	*)	*	

-	
-	

-	*	
-	*	
V	(V*)	
-	(ARG1*	
-	*	
-	*)	
-	(ARG2*	
-	*)	
-	*	

-	(ARG0*)	*	
-	(ARGM-MOD*)	*	
V	(V*)	*	
-	(ARG1*	*	
-	*)	*	
-	*	*	
-	(ARG1*)	*	
-	(ARGM-TMP*)	*	
V	(ARGM-TMP*	(V*)	
-	*	*	
-	*	*	
-	*	*	
-	*	*	
-	*)	*	
-	*	*	

-	*	
-	(ARGM-ADV*	
-	*	
-	*)	
-	*	
-	(ARG1*)	
-	(ARGM-MOD*)	
-	(ARG0*)	
V	(V*)	
-	(ARG1*)	
-	*	

-	*	(ARG0*)	*	*	*	
V	(V*)	*	*	*	*	
V	*	(V*)	*	*	*	
-	*	(ARG1*	*	*	*	
-	*	*	*	*	*	
V	*	*	(V*)	*	*	
-	*	*	*	*	*	
-	*	*	*	*	*	
-	*	*)	*	*	*	
-	*	*	*	*	*	
-	*	*	*	*	*	
-	*	*	*	(ARG0*)	*	
V	*	*	*	(V*)	*	
-	*	*	*	(ARG1*	*	
V	*	*	*	*	(V*)	
-	*	*	*	*	(ARG1*	
-	*	*	*	*	*	
-	*	*	*	*	*	
-	*	*	*	*	*	
-	*	*	*	*	*	
-	*	*	*	*)	*)	

-	*	(ARG0*)	*	*	
V	(V*)	*	*	*	
V	*	(V*)	*	*	
-	*	*	*	*	
V	*	*	(V*)	*	
-	*	*	*	*	
-	*	*	*	(ARG0*)	
-	*	*	*	(ARGM-MOD*)	
-	*	*	*	(ARGM-NEG*)	
V	*	*	*	(V*)	
-	*	*	*	(ARG1*)	
-	*	*	*	(ARGM-LOC*)	
-	*	*	*	*	

-	(ARG0*)	
-	(ARGM-MOD*)	
V	(V*)	
-	(ARG1*	
-	*	
-	*	
-	*	
-	*	
-	*	
-	*)	

-	(ARG0*)	*	*	*	
-	*	*	*	*	
V	(V*)	*	*	*	
-	(ARG2*	*	*	*	
V	*	(V*)	*	*	
-	*	*	*	*	
-	*)	*	*	*	
-	*	*	*	*	
-	*	*	*	*	
-	*	*	*	*	
-	*	*	(ARG1*)	(ARGM-MOD*	
-	*	*	(ARG0*)	*	
V	*	*	(V*)	*)	
V	*	*	*	(V*)	
-	*	*	*	(ARG1*)	
-	*	*	*	(ARG1*)	
-	*	*	*	*	
-	*	*	*	(ARGM-MNR*)	
-	*	*	*	(ARGM-TMP*)	
-	*	*	*	*	
-	*	*	*	*	
-	*	*	*	*	
-	*	*	*	(ARGM-LOC*	
-	*	*	*	*)	
-	*	*	*	*	

-	(ARG0*)	*	
-	(ARGM-MOD*)	*	
V	(V*)	*	
-	*	*	
-	*	*	
-	*	*	
-	*	*	
-	*	*	
-	*	*	
-	*	*	
-	*	*	
-	*	(ARG0*)	
V	*	(V*)	
-	*	(ARG1*)	
-	*	*	

V	(V*)	
-	*	
-	*	
-	*	
-	(ARG2*)	

-	
-	
-	
-	

-	(ARG0*)	
V	(V*)	
-	(ARG1*	
-	*	
-	*	
-	*)	

-	(ARG2*)	
V	(V*)	
-	(ARG2*	
-	*)	
-	*	

-	

-	(ARG0*)	*	*	*	
V	(V*)	*	*	*	
-	(ARG1*	*	*	*	
-	*	*	*	*	
-	*	*	*	*	
-	*	*	*	*	
-	*	*	*	*	
-	*	*	*	*	
-	*	*	*	*	
-	*	*	*	*	
-	*)	*	*	*	
-	*	*	*	*	
-	*	*	*	*	
-	*	*	*	*	
-	*	*	*	*	
-	*	*	*	*	
-	*	*	*	*	
V	*	(V*)	*	*	
-	*	*	(ARG0*)	*	
V	*	*	(V*)	*	
-	*	*	(ARG1*)	*	
-	*	*	(ARGM-TMP*	*	
V	*	*	*)	(V*)	
-	*	*	*	*	

-	(ARG0*)	*	*	*	
V	(V*)	*	*	*	
-	(ARG1*	*	*	*	
-	*	*	*	*	
-	*	*	*	*	
-	*	*	*	*	
-	*	*	*	*	
-	*	*	*	*	
-	*	*	*	*	
-	*	*	*	*	
-	*)	*	*	*	
-	*	*	*	*	
-	*	*	*	*	
-	*	*	*	*	
-	*	*	*	*	
-	*	*	*	*	
-	*	*	*	*	
V	*	(V*)	*	*	
-	*	*	(ARG0*)	*	
V	*	*	(V*)	*	
-	*	*	(ARG1*)	*	
-	*	*	(ARGM-TMP*	*	
V	*	*	*)	(V*)	
-	*	*	*	*	

-	(ARG0*)	*	*	
V	(V*)	*	*	
-	*	*	*	
-	*	*	*	
-	*	*	*	
V	*	(V*)	*	
-	*	(ARG1*	*	
-	*	*	*	
-	*	*	*	
-	*	*	*	
-	*	*	*	
-	*	*	*	
-	*	*	*	
-	*	*	*	
-	*	*	(ARG1*)	
V	*	*	(V*)	
-	*	*)	*	

-	(ARG1*)	*	*	*	*	*	
V	(V*)	*	*	*	*	*	
-	(ARG2*	*	*	*	*	*	
-	*	*	*	*	*	*	
-	*	*	*	*	*	*	
-	*	*	*	*	*	*	
-	*	(ARG0*)	*	*	*	*	
V	*	(V*)	*	*	*	*	
-	*	(ARG1*	*	*	*	*	
-	*	*)	*	*	*	*	
-	*	*	(ARG1*	*	*	*	
-	*	*	*)	*	*	*	
V	*	*	(V*)	*	*	*	
V	*	(ARG1*)	*	(V*)	*	*	
-	*	(ARG1*	*	*	*	*	
V	*	*	*	*	(V*)	*	
V	*	*	*	*	*	(V*)	
-	*	*	*	*	*	(ARG1*	
-	*	*	*	*	*	*	
-	*	*	*	*	*	*	
-	*)	*)	*	*	*	*)	
-	*	*	*	*	*	*	

-	*	*	*	*	
-	(ARG0*)	*	*	*	
V	(V*)	*	*	*	
-	(ARG1*	*	*	*	
-	*)	*	*	*	
-	(ARG1*	*	*	*	
V	*	(V*)	*	*	
-	*)	*	*	*	
-	(ARG1*	*	*	*	
-	*)	*	*	*	
V	*	*	(V*)	*	
V	*	*	*	(V*)	
-	*	*	*	(ARG1*	
-	*	*	*	*	
-	*	*	*	*)	
-	*	*	*	(ARGM-LOC*	
-	*	*	*	*	
-	*	*	*	*	
-	*	*	*	*)	
-	*	*	*	(ARGM-MOD*)	
-	*	*	*	(ARG1*	
-	*	*	*	*)	
-	*	*	*	*	

-	*	*	*	*	
-	(ARG0*)	*	*	*	
-	(ARGM-MOD*)	*	*	*	
V	(V*)	*	*	*	
V	*	(V*)	(ARGM-ADV*)	*	
V	*	*	(V*)	*	
-	*	*	(ARG1*	*	
-	*	*	*	*	
-	*	*	*	*	
-	*	*	*	*	
-	*	*	*	*	
-	*	*	*	*	
-	*	*	*	*	
V	*	*	*	(V*)	
-	*	*	*)	(ARG1*)	
-	*	*	*	*	
-	*	*	*	(ARG2*	
-	*	*	*	*)	
-	*	*	*	*	

-	(ARG0*)	
V	(V*)	
-	(ARG1*	
-	*	
-	*	
-	*)	
-	*	

-	*	*	*	*	*	*	*	*	*	*	*	*	
-	*	(ARG1*)	*	*	*	*	*	*	*	*	*	*	
V	(V*)	*	*	*	*	*	*	*	*	*	*	*	
V	*	(V*)	*	*	*	*	*	*	*	*	*	*	
-	*	*	*	*	*	*	*	*	*	*	*	*	
V	*	*	(V*)	*	*	*	*	*	*	*	*	*	
-	*	*	(ARG1*	*	*	*	*	*	*	*	*	*	
-	*	*	*	*	*	*	*	*	*	*	*	*	
-	*	*	*)	*	*	*	*	*	*	*	*	*	
V	*	*	*	(V*)	*	*	*	*	*	*	*	*	
-	*	*	*	*	(ARG0*)	*	*	*	*	*	*	*	
V	*	*	*	*	(V*)	*	*	*	*	*	*	*	
-	*	*	*	*	(ARG1*	*	*	*	*	*	*	*	
-	*	*	*	*	*	*	*	*	*	*	*	*	
-	*	*	*	*	*	*	*	*	*	*	*	*	
-	(ARG1*	*	*	*	*	*	*	*	*	*	*	*	
-	*	*	*	*	*	*	*	*	*	*	*	*	
-	*	*	*	*	*	*	*	*	*	*	*	*	
-	*	*	*	*	*	*	*	*	*	*	*	*	
V	*	*	*	*	*	(V*)	*	*	*	*	*	*	
-	*	*	*	*	*	(ARG1*	*	*	*	*	*	*	
-	*	*	*	*	*	*	*	*	*	*	*	*	
-	*	*	*	*	*	*	*	*	*	*	*	*	
-	*	*	*	*	*	*	(ARG0*)	*	*	*	*	*	
V	*	*	*	*	*	*	(V*)	*	*	*	*	*	
-	*	*	*	*	*	*	(ARG1*	*	*	*	*	*	
-	*)	*	*	*	*)	*)	*)	*	*	*	*	*	
-	*	*	*	*	*	*	*	*	*	*	*	*	
-	*	*	*	*	*	*	*	(ARG0*	*	*	*	*	
-	*	*	*	*	*	*	*	*)	*	*	*	*	
V	*	*	*	*	*	*	*	(V*)	*	*	*	*	
-	*	*	*	*	*	*	*	(ARG1*	(ARG0*)	*	*	*	
V	*	*	*	*	*	*	*	*	(V*)	*	*	*	
-	*	*	*	*	*	*	*	*	(ARG1*	(ARG0*)	*	*	
V	*	*	*	*	*	*	*	*	*	(V*)	*	*	
-	*	*	*	*	*	*	*	*	*	(ARG1*	*	*	
-	*	*	*	*	*	*	*	*	*	*)	*	*	
-	*	*	*	*	*	*	*	*	*	*	*	*	
-	*	*	*	*	*	*	*	*	*	(ARG1*	*	*	
-	*	*	*	*	*	*	*	*	*	*	(ARG0*)	*	
-	*	*	*	*	*	*	*	*	*	*	(ARGM-MOD*)	*	
-	*	*	*	*	*	*	*	*	*	*	(ARGM-NEG*)	*	
V	*	*	*	*	*	*	*	*	*	*	(V*)	*	
V	*	*	*	*	*	*	*	*)	*)	*)	(ARG1*)	(V*)	
-	*	*	*	*	*	*	*	*	*	*	*	*	

-	(ARG0*)	*	*	*	
V	(V*)	*	*	*	
-	(ARG1*)	*	*	*	
V	(ARG1*	(V*)	*	*	
-	*	*	*	*	
-	*	*	*	*	
-	*	*	*	*	
-	*)	*	*	*	
-	*	*	*	*	
-	*	*	*	*	
-	*	*	(ARGM-ADV*)	*	
-	*	*	*	*	
-	*	*	(ARG0*)	*	
V	*	*	(V*)	*	
-	*	*	(ARG1*	*	
-	*	*	*)	*	
-	*	*	(ARG1*	*	
-	*	*	*	*	
-	*	*	*	*	
-	*	*	*)	*	
-	*	*	(ARGM-ADV*	*	
-	*	*	*	*	
-	*	*	*	(ARG1*)	
-	*	*	*	*	
V	*	*	*	(V*)	
-	*	*	*)	(ARG1*)	
-	*	*	*	*	

-	*	*	*	*	
-	*	*	*	*	
-	*	*	*	*	
-	*	*	*	*	
-	*	(ARG0*)	*	*	
V	(V*)	*	*	*	
V	*	(V*)	*	*	
-	*	(ARG1*	*	*	
-	*	*)	*	*	
-	*	(ARG1*	*	*	
-	*	*	*	*	
-	*	*	*	*	
-	*	*	*	*	
-	*	*	*	*	
V	*	*)	(V*)	*	
-	*	*	*	*	
-	*	*	(ARG1*)	*	
-	*	*	*	*	
-	*	*	*	*	
-	*	*	*	*	
V	*	*	*	(V*)	
-	*	*	*	(ARGM-LOC*	
-	*	*	*	*	
-	*	*	*	*	
-	*	*	*	*)	
-	*	*	*	*	

V	(V*)	*	*	*	
-	*	(ARG0*)	*	*	
V	*	(V*)	*	*	
-	*	(ARG1*)	*	*	
V	*	(ARG1*)	(V*)	*	
V	*	(ARG2*)	*	(V*)	
-	*	(ARG1*	*	*	
-	*	*	*	*	
-	*	*)	*	*	
-	*	*	*	*	

-	*	
-	*	
-	(ARG1*)	
V	(V*)	
-	(ARG2*)	
-	*	

-	
-	
-	

-	*	*	*	(ARG1*)	
-	*	(ARG1*)	*	*	
V	(V*)	*	*	*	
V	*	(V*)	*	*	
-	*	(ARG2*	*	*	
V	*	*	(V*)	*	
V	*	*)	*	(V*)	
-	*	*	*	*	
-	*	*	*	(ARG1*)	
-	*	*	*	*	
-	*	*	*	*	
-	*	*	*	*	
-	*	*	*	*	
-	*	*	*	*	

V	(V*)	*	
-	(ARG1*	*	
-	*	*	
-	*	*	
-	*	*	
-	*	(ARG0*)	
V	*	(V*)	
-	*	(ARG1*	
-	*	*	
-	*	*	
-	*	*	
-	*	*	
-	*	*	
-	*	*	
-	*	*	
-	*	*	
-	*	*	
-	*)	*)	

-	*	*	*	*	*	
-	(ARG0*)	*	*	*	*	
V	(V*)	*	*	*	*	
-	*	*	*	*	*	
-	(ARG1*)	*	*	*	*	
-	*	*	*	*	*	
-	*	*	*	*	*	
-	*	*	*	*	*	
-	*	(ARG0*)	*	*	*	
V	*	(V*)	*	*	*	
-	*	(ARG1*	*	*	*	
V	*	*	(V*)	*	*	
-	*	*	(ARG1*	*	*	
-	*	*	*	*	*	
V	*	*	*	(V*)	*	
-	*	*	*	(ARG1*	*	
-	*	*	*	*	*	
-	*	*	*	*	*	
-	*	*	*	*	*	
V	*	*	*	*	(V*)	
-	*	*	*	*	(ARG1*	
-	*	*	*	*	*	
-	*	*	*	*	*	
-	*	*	*	*	*	
-	*	*	*	*	*	
-	*	*	*	*	*	
-	*	*	*	*	*	
-	*	*	*	*	*	
-	*	*)	*)	*)	*)	
-	*	*	*	*	*	
-	*	*	*	*	(ARG1*)	
-	*	*	*	*	*	

-	
-	
-	
-	
-	
-	
-	

-	(ARG0*)	*	
V	(V*)	*	
-	*	*	
-	(ARG1*)	*	
-	*	*	
-	*	(ARG0*)	
V	*	(V*)	
-	*	(ARG1*	
-	*	*	
-	*	*	
-	*	*)	
-	*	*	

-	(ARG1*)	*	
V	(V*)	*	
V	(ARG2*	(V*)	
-	*)	*	

-	*	*	*	
-	*	*	*	
-	(ARGM-ADV*)	*	*	
-	*	*	*	
-	(ARG0*	*	*	
-	*	*	*	
-	*)	*	*	
V	(V*)	*	*	
-	(ARG1*	*	*	
-	*	*	*	
-	*	*	*	
-	*)	*	*	
-	*	*	*	
V	*	(V*)	*	
-	*	(ARG1*)	*	
-	*	(ARG1*	*	
V	*	*	(V*)	
-	*	*	(ARG1*)	
-	*	*)	(ARG2*)	
-	*	*	*	

-	*	*	*	*	*	*	
-	*	*	*	*	*	*	
-	*	*	*	*	*	*	
-	*	*	*	*	*	*	
-	*	*	*	*	*	(ARG2*)	
-	*	*	*	*	*	*	
-	*	*	*	*	*	*	
-	*	*	*	*	*	*	
-	*	*	*	*	*	*	
-	*	*	*	*	*	*	
-	(ARG0*)	*	*	*	*	*	
V	(V*)	*	*	*	*	*	
-	(ARG1*	*	*	*	*	*	
-	*	*	*	*	*	*	
-	*	*	*	*	*	*	
-	*	*	*	*	*	*	
-	*)	*	*	*	*	*	
-	*	*	*	*	*	*	
-	*	*	*	*	*	*	
-	*	(ARG1*	*	*	*	*	
-	*	*)	*	*	*	*	
V	*	(V*)	*	*	*	*	
-	*	*	*	*	*	*	
-	(ARG1*)	*	*	*	*	*	
-	*	*	(ARG0*	*	*	*	
-	*	*	*	*	*	*	
-	*	*	*	*	*	*	
-	*	*	*)	*	*	*	
V	*	*	(V*)	*	*	*	
-	*	*	(ARG1*	*	*	*	
-	*	*	*	*	*	*	
-	*	*	*)	*	*	*	
-	*	*	(ARG1*	*	*	*	
-	*	*	*	(ARGM-NEG*)	*	*	
V	*	*	*	(V*)	*	*	
-	*	*	*	(ARG1*)	*	*	
-	*	*	*	(ARG1*	(ARG0*)	*	
-	*	*	*	*	(ARGM-MOD*)	*	
V	*	*	*	*	(V*)	*	
-	*	*	*	*	(ARG1*)	*	
-	*	*	*	*	(ARG1*	*	
-	*	*	*	*	*	*	
V	*	*	*	*	*	(V*)	
-	*	*	*	*	*	(ARGM-TMP*	
-	*	*	*	*	*	*	
-	*	*	*)	*)	*)	*)	

-	
-	
-	
-	
-	
-	
-	
-	

-	(ARG1*)	*	*	
V	(V*)	*	*	
-	(ARG2*	*	*	
-	*	*	*	
-	*	*	*	
-	*	*	*	
-	*	*	*	
-	*	*	*	
-	*	*	*	
-	*	*	*	
-	*)	*	*	
-	*	*	*	
-	(ARG2*	*	*	
-	*)	*	*	
-	*	*	*	
-	*	*	*	
-	*	*	*	
-	*	*	*	
-	*	*	*	
-	(ARG2*)	*	*	
-	*	*	(R-ARG1*)	
-	*	*	(ARG0*)	
V	*	(V*)	(ARGM-MOD*)	
V	*	*	(V*)	
-	*	*	*	
-	*	*	(ARG1*)	
-	*	*	*	

-	
-	
-	

-	(ARG1*	*	*	
-	*)	*	*	
V	(V*)	*	*	
V	(ARG2*)	(V*)	*	
-	*	*	*	
-	*	*	(ARG1*	
-	*	*	*)	
V	*	*	(V*)	
-	*	*	(ARG2*	
-	*	*	*)	

-	
-	
-	

V	(V*)	*	
-	*	*	
V	*	(V*)	

-	
-	

V	(V*)	*	
-	*	(ARG0*)	
V	*	(V*)	
-	*	(ARG1*	
-	*	*)	
-	*	*	

-	(ARG0*)	*	
-	*	*	
V	(V*)	*	
-	(ARG1*	(ARG0*	
-	*	*	
-	*	*	
-	*	*)	
-	*	(R-ARG0*)	
V	*	(V*)	
-	*)	*	
-	*	*	
-	*	*	
-	*	*	
-	*	*	

-	*	
V	(V*)	
-	(ARG1*	
-	*	
-	*)	
-	*	

-	

-	(ARG1*	
-	*	
-	*	
-	*	
-	*	
-	*	
-	*	
-	*)	
V	(V*)	
-	(ARG2*)	
-	*	
-	*	
-	*	

-	

V	(V*)	*	
-	(ARG1*)	*	
-	*	*	
-	*	*	
-	*	(ARG0*)	
V	*	(V*)	
-	*	(ARG1*	
-	*	*	
-	*	*	
-	*	*	
-	*	*	
-	*	*	
-	*	*	
-	*	*	
-	*	*)	
-	*	*	

-	

-	*	(ARG2*	
-	*	*	
-	*	*	
-	*	*	
-	*	*	
V	(V*)	*)	
-	*	(ARG2*	
-	*	*	
-	*	*	
-	*	*	
-	*	*)	
-	*	*	
-	*	(ARG1*)	
V	*	(V*)	
-	*	*	
-	(ARG1*)	*	
-	*	*	

-	(ARGM-DIS*)	*	
-	(ARG1*	*	
-	*	*	
-	*)	*	
-	(ARGM-MOD*)	*	
V	(V*)	*	
V	(ARG2*	(V*)	
-	*)	*	

-	

-	(ARG0*	*	*	
-	*)	*	*	
-	*	*	*	
V	(V*)	*	*	
-	(ARG1*	*	*	
-	*	*	*	
-	*)	*	*	
-	(ARGM-TMP*	*	*	
-	*	*	*	
-	*)	*	*	
-	*	*	*	
V	*	(V*)	*	
-	(ARG1*	*	(ARGM-NEG*)	
V	*	*	(V*)	
-	*)	*	(ARG1*)	
-	*	*	*	

-	(ARG1*)	
-	*	
-	(ARG0*)	
V	(V*)	
-	*	

-	*	(ARG0*)	*	
V	(V*)	*	*	
V	*	(V*)	*	
-	*	(ARG1*	*	
-	*	*	*	
-	*	*)	*	
-	*	*	*	
-	*	(ARG1*	(ARG0*)	
-	*	*	(ARGM-MOD*)	
-	*	*	(ARGM-NEG*)	
V	*	*	(V*)	
-	*	*)	(ARG1*)	
-	*	*	*	

-	(ARG1*)	
-	*	
-	(ARG0*)	
V	(V*)	
-	*	

-	*	*	
-	(ARG1*)	*	
V	(V*)	*	
V	(ARG2*	(V*)	
-	*)	*	

V	(V*)	*	
-	(ARG1*	*	
-	*)	*	
-	*	(ARGM-MOD*)	
V	*	(V*)	
-	*	(ARG2*	
-	*	*	
-	*	*	
-	(ARG1*	*	
-	*	*	
-	*	*	
-	*)	*)	

-	
-	
-	

-	(ARGM-DIS*)	
V	(V*)	
-	(ARG1*	
-	*)	
-	(ARG1*	
-	*	
-	*	
-	*)	
-	*	

-	*	*	*	*	*	*	*	*	*	*	*	*	*	*	*	*	*	*	
-	*	*	*	*	*	*	*	*	*	*	*	*	*	*	*	*	*	*	
-	*	*	*	*	*	*	*	*	*	*	*	*	*	*	*	*	*	*	
V	(V*)	*	*	*	*	*	*	*	*	*	*	*	*	*	*	*	*	*	
-	*	*	*	*	*	*	*	*	*	*	*	*	*	*	*	*	*	*	
-	(ARG1*	*	*	*	*	*	*	*	*	*	*	*	*	*	*	*	*	*	
-	*	*	(ARG1*)	*	*	*	*	*	*	*	*	*	*	*	*	*	*	*	
V	*	(V*)	*	*	*	*	*	*	*	*	*	*	*	*	*	*	*	*	
-	*	*	*	*	*	*	*	*	*	*	*	*	*	*	*	*	*	*	
V	*	*	(V*)	*	*	*	*	*	*	*	*	*	*	*	*	*	*	*	
-	*	*	(ARG1*)	*	*	*	*	*	*	*	*	*	*	*	*	*	*	*	
-	*	*	*	*	*	*	*	*	*	*	*	*	*	*	*	*	*	*	
-	*	*	(ARG1*	*	*	*	*	*	*	*	*	*	*	*	*	*	*	*	
V	*	*	*	(V*)	*	*	*	*	*	*	*	*	*	*	*	*	*	*	
-	*	*	*	(ARG1*)	*	*	*	*	*	*	*	*	*	*	*	*	*	*	
-	*	*	*	*	*	*	*	*	*	*	*	*	*	*	*	*	*	*	
V	*	*	*	*	(V*)	*	*	*	*	*	*	*	*	*	*	*	*	*	
-	*	*	*	*	*	*	*	*	*	*	*	*	*	*	*	*	*	*	
-	*)	*	*)	*	*	*	*	*	*	*	*	*	*	*	*	*	*	*	
-	*	*	*	*	*	*	*	*	*	*	*	*	*	*	*	*	*	*	
-	*	*	*	*	*	*	(ARG0*)	*	*	*	*	*	*	*	*	*	*	*	
-	*	*	*	*	*	*	*	*	*	*	*	*	*	*	*	*	*	*	
V	*	*	*	*	*	(V*)	(ARGM-NEG*)	*	*	*	*	*	*	*	*	*	*	*	
V	*	*	*	*	*	*	(V*)	*	*	*	*	*	*	*	*	*	*	*	
-	*	*	*	*	*	*	(ARG1*	(ARG0*)	*	*	*	*	*	*	*	*	*	*	
V	*	*	*	*	*	*	*	(V*)	*	*	*	*	*	*	*	*	*	*	
-	*	*	*	*	*	*	*	(ARG1*	*	*	*	*	*	*	*	*	*	*	
-	*	*	*	*	*	*	*	*	*	*	*	*	*	*	*	*	*	*	
-	*	*	*	*	*	*	*	*)	*	*	*	*	*	*	*	*	*	*	
-	*	*	*	*	*	*	*	(ARG1*	*	*	*	*	*	*	*	*	*	*	
-	*	*	*	*	*	*	*	*	(ARG0*)	*	*	*	*	*	*	*	*	*	
V	*	*	*	*	*	*	*	*	(V*)	*	*	*	*	*	*	*	*	*	
-	*	*	*	*	*	*	*	*	*	*	*	*	*	*	*	*	*	*	
V	*	*	*	*	*	*	*	*	*	(V*)	*	*	*	*	*	*	*	*	
-	*	*	*	*	*	*	*	*	*	*	*	*	*	*	*	*	*	*	
-	*	*	*	*	*	*	*	*	*	(ARG1*	*	*	*	*	*	*	*	*	
-	*	*	*	*	*	*	*	*	*	*	(ARG0*)	*	*	*	*	*	*	*	
V	*	*	*	*	*	*	*	*	*	*	(V*)	*	*	*	*	*	*	*	
-	*	*	*	*	*	*	*	*	*	*	(ARG1*	*	*	*	*	*	*	*	
-	*	*	*	*	*	*	*	*	*	*	*	*	(ARG1*)	*	*	*	*	*	
V	*	*	*	*	*	*	*	*	*	*	*	(V*)	*	*	*	*	*	*	
V	*	*	*	*	*	*	*	*	*	*	*	*	(V*)	*	*	*	*	*	
-	*	*	*	*	*	*	*	*	*	*	*	*	(ARG1*	*	*	*	*	*	
-	*	*	*	*	*	*	*	*	*	*	*	*	*)	*	*	*	*	*	
-	*	*	*	*	*	*	*	*	*	*	*	*	(ARGM-LOC*	*	*	*	*	*	
-	*	*	*	*	*	*	*	*	*	*	*	*	*	*	*	*	*	*	
-	*	*	*	*	*	*	*)	*)	*	*)	*)	*	*)	*	*	*	*	*	
-	*	*	*	*	*	*	*	*	*	*	*	*	*	*	*	*	*	*	
-	*	*	*	*	*	*	*	*	*	*	*	*	*	*	*	*	*	*	
-	*	*	*	*	*	*	*	*	*	*	*	*	*	*	(ARG0*)	*	*	*	
-	*	*	*	*	*	*	*	*	*	*	*	*	*	*	(ARGM-MOD*)	*	*	*	
V	*	*	*	*	*	*	*	*	*	*	*	*	*	(V*)	(ARGM-NEG*)	*	*	*	
V	*	*	*	*	*	*	*	*	*	*	*	*	*	*	(V*)	*	*	*	
-	*	*	*	*	*	*	*	*	*	*	*	*	*	*	(ARG1*)	*	*	*	
-	*	*	*	*	*	*	*	*	*	*	*	*	*	*	*	*	*	*	
-	*	*	*	*	*	*	*	*	*	*	*	*	*	*	(ARG1*)	*	*	*	
-	*	*	*	*	*	*	*	*	*	*	*	*	*	*	(ARG1*	(ARG0*)	*	*	
V	*	*	*	*	*	*	*	*	*	*	*	*	*	*	*	(V*)	*	*	
-	*	*	*	*	*	*	*	*	*	*	*	*	*	*	*	(ARG1*	*	*	
V	*	*	*	*	*	*	*	*	*	*	*	*	*	*	*	*	(V*)	*	
V	*	*	*	*	*	*	*	*	*	*	*	*	*	*	*	*	*	(V*)	
-	*	*	*	*	*	*	*	*	*	*	*	*	*	*	*)	*)	*	*	
-	*	*	*	*	*	*	*	*	*	*	*	*	*	*	*	*	*	*	
-	*	*	*	*	*	*	*	*	*	*	*	*	*	*	*	*	*	(ARGM-MNR*)	
-	*	*	*	*	*	*	*	*	*	*	*	*	*	*	*	*	*	*	

-	*	*	*	*	*	
V	(V*)	*	*	*	*	
V	*	(V*)	*	*	*	
-	*	(ARG1*	*	*	*	
-	*	*	*	*	*	
-	*	*	*	*	*	
-	*	*)	*	*	*	
-	*	*	*	*	*	
-	*	*	*	*	*	
-	*	*	*	*	*	
V	*	*	(V*)	*	*	
-	*	*	(ARG1*	*	*	
V	*	*	*	(V*)	*	
V	*	*	*	*	(V*)	
-	*	*	*)	*	(ARGM-MNR*)	
-	*	*	*	*	*	

-	*	
V	(V*)	
-	(ARG1*	
-	*	
-	*	
-	*	
-	*	
-	*)	

-	(ARG0*)	*	*	
V	(V*)	*	*	
-	(ARG1*	*	*	
-	*	*	*	
-	*	*	*	
-	*)	*	*	
-	(ARG2*)	*	*	
-	*	*	*	
-	*	(ARG0*)	*	
V	*	(V*)	*	
-	*	(ARG1*	*	
-	*	*	*	
V	*	*	(V*)	
-	*	*	(ARG1*	
-	*	*	*	
-	*	*	*	
-	*	*)	*)	
-	*	*	*	
-	(ARG1*	*	*	
-	*	*	*	
-	*	*	*	
-	*	*	*	
-	*	*	*	
-	*)	*	*	
-	*	*	*	

-	(ARG0*)	*	*	*	*	
V	(V*)	*	*	*	*	
-	(ARGM-ADJ*	*	*	*	*	
-	*)	*	*	*	*	
-	(ARG1*)	*	*	*	*	
-	*	*	*	*	*	
-	*	*	(ARG0*)	*	*	
V	*	(V*)	*	*	*	
-	*	*	(ARG0*)	*	*	
V	*	*	(V*)	*	*	
-	*	*	(ARG1*)	*	*	
-	*	*	*	*	*	
-	*	*	*	*	(ARG0*)	
V	*	*	(ARG1*)	(V*)	*	
-	*	*	(ARG1*	*	*	
V	*	*	*	*	(V*)	
-	*	*	*)	*	(ARG1*)	
-	*	*	*	*	*	

-	(ARGM-DIS*)	*	*	
-	(ARG1*)	*	*	
V	(V*)	*	*	
-	*	*	*	
-	*	*	*	
V	(ARG2*	(V*)	*	
-	*	*	*	
-	*	*	*	
V	*	*	(V*)	
-	*	*	(ARG1*	
-	*	*	*	
-	*	*	*	
-	*	*	*	
-	*	*	*	
-	*)	*	*)	

-	(ARG1*	*	
-	*	*	
-	*)	*	
-	*	*	
-	(ARG1*)	*	
V	(V*)	*	
-	(ARG2*	*	
-	*	*	
-	*	*	
-	*)	*	
-	*	*	
-	*	*	
-	*	*	
-	(ARG1*)	*	
-	*	*	
-	*	*	
-	*	*	
-	*	(ARG1*)	
V	*	(V*)	
-	*	(ARG2*	
-	*	*	
-	*	*	
-	*	*	
-	*	*	
-	*	*	
-	*	*	
-	*	*	
-	*	*)	

-	*	*	
-	(ARG0*)	*	
V	(V*)	*	
V	(ARG1*	(V*)	
-	*	(ARG1*	
-	*	*	
-	*	*	
-	*	*	
-	*)	*)	

-	*	*	*	*	*	*	*	*	*	*	
-	*	*	*	*	*	*	*	*	*	*	
-	*	*	(ARG0*)	*	*	*	*	*	*	*	
-	*	*	(ARGM-MOD*)	*	*	*	*	*	*	*	
V	(V*)	*	(ARGM-NEG*)	*	*	*	*	*	*	*	
V	*	(V*)	*	*	*	*	*	*	*	*	
V	*	*	(V*)	*	*	*	*	*	*	*	
-	*	*	*	*	*	(ARGM-NEG*	*	*	*	*	
V	*	*	*	(V*)	*	*	*	*	*	*	
-	*	*	*	*	(ARG0*)	*	*	*	*	*	
V	*	*	*	*	(V*)	*)	*	*	*	*	
V	*	*	*	*	(ARG1*	(V*)	*	*	*	*	
-	*	*	*	*	*	(ARG1*	*	*	*	*	
-	*	*	*	*	*	*	*	*	*	*	
-	*	*	*	*	*	*	*	*	*	*	
-	*	*	*	*	*	*	*	*	*	*	
-	(ARG1*	*	*	*	*	*	*	*	*	*	
-	*	*	*	*	*	*	*	*	*	*	
-	*	*	*	*	*	*	*	*	*	*	
-	*)	*	*	*	*	*	*	*	*	*	
-	(ARG1*	*	*	*	*	*	*	*	*	*	
-	*	*	*	*	*	*	*	*	*	*	
-	*)	*	*	*	*	*	*	*	*	*	
-	*	*	*	*	*	*	*	*	*	*	
-	*	*	*	*	*)	*)	*	*	*	*	
-	*	*	*	*	*	*	*	*	*	*	
-	*	*	*	*	*	*	*	*	*	*	
-	*	*	*	*	*	*	*	*	*	*	
-	*	*	*	*	*	*	*	*	*	*	
-	(ARG1*	*	*	*	*	*	*	*	*	*	
-	*)	*	*	*	*	*	*	*	*	*	
-	(ARG1*	*	*	*	*	*	*	*	(ARG0*)	*	
-	*	*	*	*	*	*	*	*	(ARGM-MOD*)	*	
V	*	*	*	*	*	*	(V*)	*	*	*	
V	*	*	*	*	*	*	*	(V*)	*	*	
V	*	*	*	*	*	*	*	*	(V*)	*	
V	*	*	*	*	*	*	*	*	(ARG1*	(V*)	
-	*	*	*	*	*	*	*	*	*	(ARG1*	
-	*	*	*	*	*	*	*	*	*	*)	
-	*	*	*	*	*	*	*	*	*	(ARG1*	
-	*	*	*	*	*	*	*	*	*	*	
-	*)	*	*	*	*	*	*	*	*)	*)	
-	*	*	*	*	*	*	*	*	*	*	

-	
-	
-	
-	
-	
-	
-	
-	

-	(ARG0*)	*	*	*	*	
V	(V*)	*	*	*	*	
-	(ARG1*	*	*	*	*	
-	*	*	*	*	*	
-	*)	*	*	*	*	
-	*	*	*	*	*	
-	(ARG1*)	*	*	*	*	
-	(ARGM-TMP*	*	*	*	*	
-	*)	*	*	*	*	
-	*	*	*	*	*	
-	*	*	*	*	*	
-	*	*	(ARG0*)	*	*	
V	*	(V*)	*	*	*	
V	*	*	(V*)	*	*	
-	*	*	(ARG1*	*	*	
V	*	*	*	(V*)	*	
-	*	*	*	(ARG1*	*	
-	*	*	*	*	*	
-	*	*	*	*	*	
-	*	*	*)	*)	*	
-	*	*	*	*	(ARG0*	
-	*	*	*	*	*	
-	*	*	*	*	*	
-	*	*	*	*	*)	
-	*	*	*	*	(R-ARG0*)	
V	*	*	*	*	(V*)	
-	*	*	*	*	*	
-	(ARG1*)	*	*	*	(ARG1*	
-	*	*	*	*	*)	
-	*	*	*	*	(ARGM-MOD*)	
-	*	*	*	*	*	
-	*	*	*	*	*	
-	*	*	*	*	*	
-	*	*	*	*	*	

-	(ARG0*)	*	*	*	
V	(V*)	*	*	*	
-	(ARG1*	(ARG1*)	*	*	
V	*	(V*)	*	*	
-	*	*	*	*	
-	*	*	*	*	
-	*	*	*	*	
-	*	*	*	*	
-	*)	*	*	*	
-	*	*	*	*	
V	*	*	(V*)	(ARGM-DIS*)	
-	*	*	*	(ARGM-NEG*)	
V	*	*	*	(V*)	
-	*	*	*	(ARG1*)	
-	*	*	*	*	
-	*	*	*	(ARG2*)	
-	*	*	*	*	

-	(ARG1*	*	*	*	
-	*	*	*	*	
-	*	*	*	*	
-	*)	*	*	*	
V	(V*)	*	*	*	
-	(ARG1*	*	*	*	
-	*	(ARG0*)	*	*	
V	*	(V*)	*	*	
-	*	(ARG1*	*	*	
-	*	*	*	*	
-	*)	*	*	*	
-	(ARG1*	*	*	*	
-	*)	*)	*	*	
-	*	(ARGM-LOC*	*	*	
-	*	*	*	*	
-	*	*)	*	*	
-	*	*	*	*	
V	*	*	(V*)	*	
-	*	*	(ARG1*)	*	
-	*	*	(ARGM-LOC*	*	
-	*	*	*	*	
-	*	*	*)	*	
-	*	*	*	(ARG0*	
-	*	*	*	*	
-	*	*	*	*)	
V	*	*	*	(V*)	
-	*	*	*	(ARG1*	
-	*	*	*	*	
-	*	*	*	*)	
-	*	*	*	*	
-	(ARG1*)	*	*	*	
-	*	*	*	*	

-	*	(ARG1*	*	*	
-	*	*	*	*	
-	*	*	*	*	
-	*	*	*	*	
-	(ARGM-ADJ*)	*	*	*	
-	*	*)	*	*	
-	(ARG0*	*	*	*	
-	*)	*	*	*	
V	(V*)	*	*	*	
-	(ARG1*	*	*	*	
-	*)	*	*	*	
-	*	*	*	*	
-	*	*	*	*	
-	*	*	*	*	
-	*	(ARG1*)	*	*	
V	*	(V*)	*	*	
V	*	(ARG2*)	(V*)	*	
-	*	*	*	(ARG0*	
-	*	*	*	*)	
V	*	*	*	(V*)	
-	*	*	*	(ARG1*)	
-	*	*	*	(ARG1*	
-	*	*	*	*	
-	*	*	*	*)	
-	*	*	*	*	

-	*	*	
-	*	*	
-	(ARG1*)	*	
-	(ARGM-MOD*)	*	
-	*	*	
V	(V*)	*	
-	(ARG1*	*	
V	*	(V*)	
-	*)	*	

-	(ARG1*)	*	*	*	
V	(V*)	*	*	*	
-	(ARGM-EXT*)	*	*	*	
-	(ARG2*	*	*	*	
-	*	*	*	*	
-	*	(ARG0*)	*	*	
V	*)	(V*)	*	*	
-	*	*	(ARG0*)	*	
-	*	*	(ARGM-MOD*)	*	
V	*	*	(V*)	*	
-	*	*	(ARG1*	*	
V	*	*	*	(V*)	
-	*	*	*	(ARG1*	
-	*	*	*	*	
-	*	*	*)	*)	
-	*	*	*	*	

-	*	
V	(V*)	
-	*	

-	(ARG1*)	
V	(V*)	
-	*	
-	(ARGM-ADJ*)	
-	*	

-	(ARG2*)	*	*	
V	(V*)	*	*	
-	(ARG2*	*	*	
-	*	*	*	
-	*	*	*	
-	*	*	*	
V	*	(V*)	*	
-	*	(ARG1*	*	
V	*	*	(V*)	
-	*	*	(ARG1*	
-	*	*	*	
-	*	*	*	
-	*)	*)	*)	

-	*	(ARGM-DIS*)	*	*	*	
-	*	*	*	*	*	
-	*	(ARG1*)	*	*	*	
V	(V*)	*	*	*	*	
-	(ARG2*)	*	*	*	*	
-	*	*	*	*	*	
V	*	(V*)	*	*	*	
-	*	(ARG1*	*	*	*	
-	*	*	*	*	*	
-	*	*	*	*	*	
-	*	*	*	*	*	
-	*	*)	*	*	*	
-	*	*	*	*	*	
-	*	*	*	*	*	
-	*	*	*	(ARG0*)	*	
V	*	*	(V*)	(ARGM-ADV*)	*	
V	*	*	*	(V*)	*	
-	*	*	*	(ARG1*	*	
V	*	*	*	*	(V*)	
-	*	*	*	*	(ARG1*	
-	*	*	*	*)	*)	
-	*	*	*	*	*	

-	*	*	*	*	*	*	
-	*	*	*	*	*	*	
-	(ARG1*	*	*	*	*	*	
-	*	*	*	*	*	*	
-	*)	*	*	*	*	*	
-	(ARG0*)	*	*	*	*	*	
V	(V*)	*	*	*	*	*	
-	(ARG1*	*	*	*	*	*	
-	*	*	*	*	*	*	
-	*	*	*	*	*	*	
-	*)	*	*	*	*	*	
-	*	*	*	*	*	*	
-	*	*	*	*	*	*	
-	*	(ARG0*)	*	*	*	*	
V	*	(V*)	*	*	*	*	
-	*	(ARG1*	*	*	*	*	
V	*	*	(V*)	*	*	*	
-	*	*	(ARGM-DIR*)	*	*	*	
-	*	*	(ARG1*	*	*	*	
-	*	*)	*)	*	*	*	
-	*	*	*	*	*	*	
-	*	*	*	*	(ARG1*)	*	
V	*	*	*	(V*)	*	*	
-	*	*	*	*	(ARG0*)	*	
V	*	*	*	*	(V*)	*	
-	*	*	*	*	*	*	
-	*	*	*	*	*	*	
-	*	*	*	*	(ARG1*	(ARG0*)	
V	*	*	*	*	*	(V*)	
-	*	*	*	*	*)	(ARG1*)	
-	*	*	*	*	*	*	
-	*	*	*	*	*	*	
-	*	*	*	*	*	*	
-	*	*	*	*	*	*	
-	*	*	*	*	*	*	
-	*	*	*	*	*	*	

-	*	*	(ARG1*	
-	(ARG0*)	*	*	
-	(ARGM-MOD*)	*	*	
V	(V*)	*	*	
-	(ARG1*	*	*	
V	*)	(V*)	*	
-	*	*	*	
-	*	*	*	
-	*	*	*)	
-	*	*	*	
-	*	*	*	
-	*	*	(ARGM-MOD*)	
-	*	*	*	
V	*	*	(V*)	
-	*	*	*	

-	*	*	*	
-	(ARG1*)	*	*	
V	(V*)	*	*	
-	*	*	*	
V	*	(V*)	*	
-	*	*	*	
-	*	*	(ARG1*	
-	*	*	*	
-	*	*	*	
-	*	*	*)	
-	*	*	*	
-	*	*	(ARGM-DIS*)	
V	*	*	(V*)	
-	*	*	*	

-	(ARG0*)	*	*	*	*	*	*	*	*	*	
-	(ARGM-MOD*)	*	*	*	*	*	*	*	*	*	
-	(ARGM-NEG*)	*	*	*	*	*	*	*	*	*	
-	(ARGM-NEG*)	*	*	*	*	*	*	*	*	*	
V	(V*)	*	*	*	*	*	*	*	*	*	
-	(ARG1*)	*	*	*	*	*	*	*	*	*	
-	(ARG1*	*	*	*	*	*	*	*	*	*	
-	*	*	*	*	*	*	*	*	*	*	
-	*	(ARG0*)	*	*	*	*	*	*	*	*	
-	*	(ARGM-MOD*)	*	*	*	*	*	*	*	*	
V	*	(V*)	*	*	*	*	*	*	*	*	
-	*	(ARG1*	*	*	*	*	*	*	*	*	
V	*	*	(V*)	*	*	*	*	*	*	*	
-	*	*	(ARG1*	*	*	*	*	*	*	*	
V	*	*	*	(V*)	*	*	*	*	*	*	
-	*	*	*)	*	*	*	*	*	*	*	
-	*	*	(ARGM-LOC*	*	*	*	*	*	*	*	
-	*	*	*)	*	*	*	*	*	*	*	
-	*	*	(ARG1*	*	*	*	*	*	*	*	
-	*	*	*	*	(ARG1*)	*	*	*	*	*	
V	*	*	*	*	(V*)	*	*	*	*	*	
V	*	*	*)	*	*	(V*)	*	*	*	*	
-	*	*	*	*	*	*	*	*	(ARG1*	*	
V	*	*	*	*	*	*	(V*)	*	*)	*	
V	*	*	*	*	*	*	*	(V*)	*	*	
V	*	*	*	*	*	*	*	*	(V*)	*	
-	*	*	*	*	*	*	*	*	*	*	
V	*)	*)	*	*	*	*	*	*	*	(V*)	
-	*	*	*	*	*	*	*	*	*	*	

-	(ARGM-DIS*)	*	*	*	*	*	*	
-	(ARG1*)	*	*	*	*	*	*	
-	(ARGM-MOD*)	*	*	*	*	*	*	
V	(V*)	*	*	*	*	*	*	
-	(ARG2*	*	*	*	*	*	*	
V	*	(V*)	*	*	*	*	*	
-	*	(ARG1*	*	*	*	*	*	
V	*	*	(V*)	*	*	*	*	
V	*	*	(ARG1*)	(V*)	*	*	*	
-	*	*	(ARG1*	*	(ARG0*)	*	*	
V	*	*	*	*	(V*)	*	*	
-	*	*	*	*	(ARG1*	*	*	
-	*	*	*	*	*	*	*	
-	*	*	*	*	*	*	*	
-	*)	*	*	*	*	*	*	
-	(ARG1*	*	*	*	*	*	*	
-	*	*	*	*	*	*	*	
-	*	*	*	*	*	*	*	
-	*	*	*	*	*	*	*	
V	*	*	*	*	*	(V*)	*	
-	*	*	*	*	*	(ARG1*	*	
-	*)	*	*	*	*	*	*	
-	(ARG1*	*	*	*	*	*	*	
V	*	*	*	*	*	*	(V*)	
-	*	*	*	*	*	*	(ARG1*	
-	*	*	*	*	*	*	*	
-	*	*	*	*	*	*	*	
-	*)	*)	*)	*	*)	*)	*)	

-	*	*	
-	(ARG1*)	(ARGM-MOD*	
V	(V*)	*)	
V	*	(V*)	
-	*	*	

-	*	*	*	*	*	*	*	
-	*	*	*	*	*	*	*	
-	(ARG0*)	*	*	*	*	*	*	
V	(V*)	*	*	*	*	*	*	
V	*	(V*)	*	*	*	*	*	
-	*	(ARG1*	*	*	*	*	*	
-	*	*)	*	*	*	*	*	
-	*	*	*	(ARG1*	*	*	*	
-	*	*	*	*	*	*	*	
-	*	*	*	*	*	*	*	
-	*	*	*	*	*	*	*	
-	*	*	*	*)	*	*	*	
V	*	*	(V*)	*	*	*	*	
V	*	*	*	(V*)	*	*	*	
-	*	*	*	(ARG1*	*	*	*	
-	*	*	*	*	*	*	*	
-	*	*	*	*)	*	*	*	
-	*	*	*	*	*	*	*	
-	*	*	*	*	*	*	*	
-	*	*	*	*	*	(ARG0*	*	
-	*	*	*	*	*	*)	*	
V	*	*	*	*	(V*)	(ARGM-MOD*)	*	
-	*	*	*	*	*	(ARGM-NEG*)	*	
V	*	*	*	*	*	(V*)	*	
-	*	*	*	*	*	(ARG1*	*	
-	*	*	*	*	*	*	*	
V	*	*	*	*	*	*)	(V*)	
-	*	*	*	*	*	*	*	

-	(ARG1*	*	*	*	
-	*)	*	*	*	
-	*	*	*	*	
V	(V*)	*	*	*	
-	(ARG1*	*	*	*	
V	*	(V*)	*	*	
-	*)	(ARG1*)	*	*	
-	*	*	*	*	
-	*	(ARG1*	(ARG0*)	*	
V	*	*	(V*)	*	
-	*	*	*	*	
-	*	*	(ARG1*	*	
-	*	*	*)	*	
-	*	*	(ARG1*	*	
V	*	*	*	(V*)	
-	*	*)	*)	(ARG1*)	
-	*	*	*	*	
-	*	*	*	(ARGM-MNR*)	
-	*	*	*	*	

V	(V*)	*	*	
-	*	(ARG0*)	*	
V	*	(V*)	*	
-	*	(ARG1*	*	
V	*	*)	(V*)	
-	*	*	*	

V	(V*)	*	*	*	
-	(ARG1*)	*	*	*	
V	(ARG1*	(V*)	*	*	
-	*	*	*	*	
V	*	*	(V*)	*	
-	*	*	(ARG1*	*	
-	*	*	*	*	
-	*	*	*	*	
V	*)	*	*)	(V*)	
-	*	*	*	*	

V	(V*)	
-	*	

V	(V*)	*	*	
V	(ARG1*)	(V*)	*	
V	*	*	(V*)	
-	*	*	*	
-	*	*	*	
-	*	*	*	

-	*	(ARG1*	*	*	*	
-	*	*)	*	*	*	
V	(V*)	*	*	*	*	
-	*	*	*	*	*	
V	*	(V*)	*	*	*	
-	*	(ARG1*)	*	*	*	
-	*	*	*	*	*	
-	*	*	(ARG0*)	*	*	
V	*	*	(V*)	*	*	
-	*	*	(ARG1*)	*	*	
-	*	*	*	(ARG0*)	*	
V	*	*	*	(V*)	*	
-	*	*	*	(ARG1*	*	
V	*	*	*	*)	(V*)	
-	*	*	*	*	*	
-	*	*	*	*	(ARG1*)	
-	*	*	*	*	*	

-	(ARG0*)	
-	(ARGM-MOD*)	
V	(V*)	
-	*	

-	(ARG0*)	*	*	*	
V	(V*)	*	*	*	
-	*	*	*	*	
-	(ARG1*)	*	*	*	
-	(ARGM-PRP*	*	*	*	
V	*	(V*)	*	*	
-	*	*	*	*	
V	*	*	(V*)	*	
-	*	*	(ARG1*	*	
-	*	*	*	*	
V	*)	*	*)	(V*)	
-	*	*	*	*	

-	(ARG0*)	*	*	*	
-	(ARGM-MOD*)	*	*	*	
V	(V*)	*	*	*	
-	(ARG1*)	*	*	*	
V	(ARG1*	(V*)	*	*	
-	*	*	*	*	
-	*)	*	*	*	
-	*	*	*	*	
V	(ARGM-PRP*	*	(V*)	*	
-	*	*	(ARG1*	*	
V	*	*	*)	(V*)	
-	*	*	(ARGM-TMP*	*	
-	*)	*	*)	*	
-	*	*	*	*	

-	(ARG0*)	*	*	*	*	*	*	
V	(V*)	*	*	*	*	*	*	
-	(ARG1*	*	*	*	*	*	*	
-	*	*	*	*	*	*	*	
-	*	*	*	*	*	*	*	
V	*)	(V*)	*	*	*	*	*	
-	*	*	*	*	*	*	*	
-	*	*	(ARG0*	*	*	*	*	
-	*	*	*)	*	*	*	*	
V	*	*	(V*)	*	*	*	*	
-	*	*	(ARG1*	*	*	*	*	
-	*	*	*)	*	*	*	*	
-	*	*	*	*	*	*	*	
-	*	*	*	*	*	*	*	
-	*	*	*	(ARG1*)	*	*	*	
V	*	*	*	(V*)	*	*	*	
-	*	*	*	(ARG2*	*	*	*	
-	*	*	*	*	*	*	*	
-	*	*	*	*)	*	*	*	
-	*	*	*	*	*	*	*	
V	*	*	*	*	(V*)	*	*	
-	*	*	*	*	(ARG1*	*	*	
-	*	*	*	*	*	*	*	
-	(ARG1*	*	*	*	*	*	*	
-	*	*	*	*	*	*	*	
-	*	*	*	*	*	*	*	
-	*)	*	*	*	*)	*	*	
-	*	*	*	*	*	*	*	
-	*	*	*	*	(ARG1*	*	(ARG0*)	
-	*	*	*	*	*	*	(ARGM-MOD*)	
-	*	*	*	*	*	*	(ARGM-NEG*)	
V	*	*	*	*	*	(V*)	(ARGM-NEG*)	
V	*	*	*	*	*	*	(V*)	
-	*	*	*	*	*	*	(ARG1*	
-	*	*	*	*	*	*	*	
-	*	*	*	*	*)	*	*)	
-	*	*	*	*	*	*	*	

V	(V*)	
-	*	

-	
-	
-	
-	
-	
-	
-	
-	

-	*	(ARG0*)	*	*	*	
V	(V*)	*	*	*	*	
V	*	(V*)	*	*	*	
-	*	(ARG1*	*	*	*	
-	*	*	*	*	*	
V	*	*	(V*)	*	*	
-	*	*)	*	*	*	
-	*	*	*	*	*	
-	*	*	(ARG1*)	*	*	
-	*	*	(ARG1*	*	*	
-	*	*	*	*	*	
-	*	*	*)	*	*	
-	*	*	*	*	*	
-	*	*	*	*	*	
-	*	*	*	*	(ARG0*)	
V	*	*	*	(V*)	*	
V	*	*	*	*	(V*)	
-	*	*	*	*	*	
-	*	*	*	*	*	
-	*	*	*	*	*	
-	*	*	*	*	*	
-	*	*	*	*	*	
-	*	*	*	*	*	
-	*	*	*	*	*	
-	*	*	*	*	*	
-	*	*	*	*	*	

-	(ARG1*	*	
-	*)	*	
-	(ARGM-MOD*)	*	
-	(ARG0*)	*	
V	(V*)	*	
-	*	*	
-	*	*	
-	*	(ARG0*)	
-	*	*	
-	*	(ARG0*)	
V	*	(V*)	
-	*	(ARG1*	
-	*	*)	
-	*	*	

-	*	*	
-	*	(ARG1*	
-	*	*	
-	*	*	
-	*	*)	
-	(ARG0*)	*	
-	(ARGM-MOD*)	*	
-	(ARGM-DIS*)	*	
V	(V*)	*	
-	(ARG2*	*	
-	*	*	
-	*	*	
V	*)	(V*)	
-	*	*	

V	(V*)	*	*	
-	(ARG1*	*	*	
-	*)	*	*	
-	*	*	*	
-	*	*	*	
V	*	(V*)	*	
-	*	(ARG1*)	*	
-	*	(ARG1*	(ARG0*)	
V	*	*	(V*)	
-	*	*	(ARG1*)	
-	*	*)	(ARGM-MNR*)	
-	*	*	*	

-	(ARG1*	*	*	*	*	
-	*)	*	*	*	*	
V	(V*)	*	*	*	*	
-	*	*	*	*	*	
-	*	*	*	*	*	
-	(ARG1*)	*	*	*	*	
-	(ARGM-LOC*	*	*	*	*	
-	*	*	*	*	*	
-	*)	*	*	*	*	
-	*	*	*	*	*	
-	*	*	*	*	*	
-	*	*	*	*	*	
-	*	*	(ARG0*)	*	*	
V	*	(V*)	*	*	*	
V	*	*	(V*)	*	*	
-	*	*	*	*	*	
-	*	*	(ARG1*	*	*	
-	*	*	*	*	(ARG0*)	
V	*	*	*	(V*)	(ARGM-MOD*)	
V	*	*	*	*	(V*)	
-	*	*	*	*	(ARG1*	
-	*	*	*	*	*	
-	*	*	*	*	*	
-	*	*	*)	*	*)	
-	*	*	*	*	*	

-	
-	
-	
-	
-	
-	
-	
-	
-	
-	
-	
-	
-	

V	(V*)	*	*	*	*	*	
V	*	(V*)	*	*	*	*	
V	*	*	(V*)	*	*	*	
-	*	*	*	*	*	*	
-	*	*	*	(ARG1*)	*	*	
V	*	*	*	(V*)	*	*	
-	*	*	*	(ARG2*	*	*	
-	*	*	*	*	*	*	
-	*	*	*	*	*	*	
V	*	*	*	*	(V*)	*	
-	*	*	*	*	(ARG1*	*	
-	*	*	*	*	*	(ARGM-ADJ*)	
V	*	*	*	*	*	(V*)	
-	*	*	*	*)	*)	*	

V	(V*)	
-	(ARG1*	
-	*	
-	*)	
-	*	

-	*	*	*	
-	*	*	*	
-	*	*	*	
-	*	*	*	
V	(V*)	(ARG1*	*	
-	*	*)	*	
-	*	*	*	
-	*	*	(ARG1*)	
-	*	(ARG1*)	*	
-	*	*	*	
V	*	(V*)	*	
-	*	*	*	
-	*	*	*	
-	*	(ARG1*)	*	
-	*	*	*	
V	*	*	(V*)	
-	*	*	(ARGM-TMP*	
-	*	*	*	
-	*	*	*	
-	*	*	*)	
-	*	*	*	

-	(ARG0*)	*	*	
V	(V*)	*	*	
-	(ARG1*	*	*	
-	*	*	*	
V	*)	(V*)	*	
-	*	*	(ARG1*	
-	*	*	*)	
-	*	*	(ARG0*)	
-	*	*	(ARGM-MOD*)	
V	*	*	(V*)	
-	*	*	*	

-	(ARGM-DIS*)	*	*	
V	(V*)	*	*	
-	(ARG2*	*	*	
-	*	*	*	
-	*	*	*	
-	*	*	*	
V	*	(V*)	*	
V	*	(ARG1*	(V*)	
-	*	*	*	
-	*	*	*	
-	*	*	*	
-	*	*	*	
-	*)	*)	*	

-	(ARG0*)	*	*	*	*	*	
-	*	*	*	*	*	*	
V	(V*)	*	*	*	*	*	
-	(ARG1*	*	*	*	*	*	
-	*	*	*	*	*	*	
-	*)	*	*	*	*	*	
-	*	*	*	*	*	*	
-	*	*	*	*	*	*	
-	*	*	(ARG0*)	*	*	*	
V	*	(V*)	*	*	*	*	
V	*	*	(V*)	*	*	*	
-	*	*	(ARG1*	*	*	*	
-	*	*	*	*	*	*	
V	*	*	*	(V*)	*	*	
-	*	*	*	(ARG1*	*	*	
-	*	*	*	*)	*	*	
-	*	*	*	(ARG1*	(ARG0*)	*	
-	*	*	*	*	(ARGM-MOD*)	*	
V	*	*	*	*	(V*)	*	
-	*	*	*	*	(ARG1*	*	
V	*	*	*	*	*	(V*)	
-	*	*	*	*	*	*	
-	*	*	*	*	*	*	
-	*	*	*)	*)	*)	*	
-	*	*	*	*	*	*	

-	*	(ARG0*)	*	*	*	
V	(V*)	*	*	*	*	
-	*	(ARGM-NEG*)	*	*	*	
V	*	(V*)	*	*	*	
-	*	(ARG1*	*	*	*	
V	*	*	(V*)	*	*	
-	*	*	(ARG1*	*	*	
V	*	*	*	(V*)	*	
-	*	*	*	(ARGM-TMP*	*	
-	*	*	*	*	*	
V	*	*	*	*	(V*)	
-	*	*	*	*	*	
-	*	*	*	*	*	
-	*	*	*	*	*	
-	*	*	*	*	*	
-	*	*	*	*	*	
-	*	*	*	*	*	
-	*	*	*	*	*	
-	*	*)	*)	*)	*	

-	(ARG0*)	*	*	*	*	*	
-	*	*	*	*	*	*	
V	(V*)	*	*	*	*	*	
-	(ARG1*	*	*	*	*	*	
-	*	(ARGM-ADJ*)	*	*	*	*	
V	*)	(V*)	*	*	*	*	
-	(ARG1*	*	*	*	*	*	
V	*	*	(V*)	*	*	*	
-	*	*	(ARG1*	*	*	*	
-	*	*	*	(ARGM-ADJ*)	*	*	
V	*	*	*	(V*)	*	*	
-	*	*	*	(ARG1*	*	*	
-	*	*	*	*	*	*	
-	*	*	*)	*)	*	*	
-	*	*	*	*	(ARG0*)	*	
V	*	*	*	*	(V*)	*	
-	*	*	*	*	*	*	
-	*	*	*	*	*	*	
-	*	*	*	*	*	(ARG0*)	
V	*	*	*	*	*	(V*)	
-	*)	*	*	*	*	*	

-	*	(ARG1*	*	*	
V	(V*)	*)	*	*	
-	*	(ARGM-MOD*)	*	*	
V	*	(V*)	*	*	
-	*	(ARG2*	*	*	
V	*	*	(V*)	*	
-	*	*	*	*	
V	*	*	*	(V*)	
-	*	*)	*	*	

-	(ARG0*)	
-	(ARGM-MOD*)	
V	(V*)	
-	(ARG1*)	
-	*	

-	(ARG0*)	*	
-	*	*	
V	(V*)	*	
-	(ARG1*	*	
V	*)	(V*)	
-	(ARG2*	*	
-	*	*	
-	*)	*	
-	*	*	
-	*	*	
-	*	*	
-	*	*	
-	*	*	
-	*	*	
-	*	*	
-	*	*	
-	*	*	
-	*	*	

-	*	*	*	
-	(ARG0*)	*	*	
-	(ARGM-MOD*)	*	*	
-	(ARGM-NEG*)	*	*	
-	*	*	*	
V	(V*)	*	*	
-	(ARG1*	*	*	
V	*)	(V*)	*	
-	(ARG1*	*	(ARG0*)	
V	*	*	(V*)	
-	*)	*	(ARG2*)	
-	*	*	*	

-	*	(ARGM-ADV*)	*	*	*	*	
-	*	*	*	*	*	*	
-	*	*	*	*	*	(ARG2*)	
V	(V*)	(ARG0*)	*	*	*	*	
V	*	(V*)	*	*	*	*	
-	*	(ARG1*	(ARG0*)	*	*	*	
V	*	*	(V*)	*	*	*	
-	*	*	(ARG1*	*	*	*	
-	*	*	*	*	*	*	
-	*	*	*	*	*	*	
-	*	*)	*)	*	*	*	
-	*	*	*	*	*	*	
-	*	*	*	*	(ARG1*)	*	
-	*	*	*	*	(ARG1*	*	
-	*	*	*	*	*	*	
V	*	*	*	(V*)	*)	*	
V	*	*	*	*	(V*)	*	
-	*	*	*	*	*	*	
V	*	*	*	*	(ARG2*	(V*)	
-	*	*	*	*	*)	*	

-	*	*	*	*	*	(ARG1*	
-	(ARG0*)	*	*	*	*	*	
V	(V*)	*	*	*	*	*	
-	(ARG1*	*	*	*	*	*	
V	*	(V*)	*	*	*	*	
-	*	(ARG1*)	*	*	*	*	
-	*	*	*	*	*	*	
V	*)	*	(V*)	*	*	*)	
-	*	*	*	*	*	*	
-	*	*	*	*	*	*	
-	*	*	*	*	*	*	
-	*	*	*	*	*	*	
-	*	*	*	*	*	*	
V	*	*	*	(V*)	*	*	
-	(ARG1*	*	*	*	*	*	
-	*)	*	*	*	*	*	
-	*	*	*	*	*	*	
-	*	*	*	*	(ARG1*)	*	
-	*	*	*	*	(ARGM-MOD*)	*	
V	*	*	*	*	(V*)	*	
V	*	*	*	*	(ARG2*)	(V*)	
-	*	*	*	*	*	*	
-	*	*	*	*	(ARG2*)	*	
-	*	*	*	*	*	*	

-	(ARG1*)	
-	*	
-	(ARG0*)	
V	(V*)	
-	(ARGM-TMP*	
-	*	
-	*	
-	*	
-	*	
-	*	
-	*)	
-	*	

V	(V*)	*	*	*	
-	*	*	*	*	
-	(ARG1*)	*	*	*	
-	*	*	*	*	
-	*	*	*	*	
-	*	*	*	*	
-	*	*	*	*	
-	*	*	*	*	
-	*	(ARG0*)	*	*	
V	*	(V*)	*	*	
-	*	(ARG1*)	*	*	
-	*	*	*	*	
V	*	*	(V*)	*	
V	*	(ARG1*)	*	(V*)	
-	*	*	*	*	

-	(ARG0*)	*	*	*	*	*	*	
V	(V*)	*	*	*	*	*	*	
-	*	*	*	*	*	*	*	
-	*	*	*	*	*	*	*	
-	(ARG2*)	*	*	*	*	*	*	
-	*	*	*	*	*	*	*	
-	*	*	*	*	*	*	*	
-	*	*	*	*	*	*	*	
V	*	(V*)	*	*	*	*	*	
-	*	(ARG1*	*	*	*	*	*	
-	*	*	*	*	*	*	*	
V	*	*	(V*)	*	*	*	*	
-	*	*	(ARG1*	*	*	*	*	
-	*	*	*	*	*	*	*	
-	*	*	*	*	*	*	*	
-	*	*	*	*	*	*	*	
-	*	*	*	*	*	*	*	
-	*	*	*	*	*	*	*	
-	*	*	*	*	*	*	*	
-	*	*	*	*	*	*	*	
-	*	*	*	*	*	*	*	
-	*	*	*	*	*	*	*	
V	(ARG1*	*	*	(V*)	*	*	*	
-	*	*	*	*	*	*	*	
-	*	*	*	*	*	*	*	
V	*	*	*	*	(V*)	*	*	
-	*	*	*	*	(ARG1*	*	*	
V	*	*	*	*	*	(V*)	*	
-	*	*	*	*	*	(ARG1*	*	
-	*	*	*	*	*	*	*	
-	*	*	*	*	*	*	*	
-	*	*	*	*	*	*)	*	
-	*	*	*	*	*	*	*	
V	*	*	*	*	*	*	(V*)	
-	*	*	*	*	*	*	(ARG1*	
-	*)	*)	*)	*	*)	*	*)	
-	*	*	*	*	*	*	*	

-	*	*	*	*	*	*	*	*	
-	*	*	*	*	*	*	*	*	
-	(ARG0*)	*	*	*	*	*	*	*	
V	(V*)	*	*	*	*	*	*	*	
-	*	*	*	*	*	*	*	*	
-	*	*	*	*	*	*	*	*	
-	*	*	*	*	*	*	*	*	
-	(ARG1*)	*	*	*	*	*	*	*	
-	*	*	*	*	*	*	*	*	
V	*	(V*)	*	*	*	*	*	*	
-	*	(ARG1*	*	*	*	*	*	*	
V	*	*	(V*)	*	*	*	*	*	
-	*	*	(ARG1*	*	*	*	*	*	
-	*	*	*	*	*	*	*	*	
-	*	*	*	*	*	*	*	*	
V	*	*	*	(V*)	*	*	*	*	
-	*	*	*	(ARG1*	*	*	*	*	
-	*	*)	*)	*)	*	*	*	*	
-	*	*	*	*	*	*	*	*	
-	*	*	*	*	(ARG0*)	*	*	*	
-	*	*	*	*	(ARGM-ADV*)	*	*	*	
V	*	*	*	*	(V*)	*	*	*	
-	*	*	*	*	(ARG1*	(ARG0*	*	*	
-	*	*	*	*	*	*	*	*	
-	*	*	*	*	*	*)	*	*	
-	*	*	*	*	*	(R-ARG0*)	*	*	
-	*	*	*	*	*	(ARGM-MOD*)	*	*	
V	*	*	*	*	*	(V*)	*	*	
-	*	*	*	*	*	(ARG1*	(ARG1*	*	
-	*	*	*	*	*	*	*)	*	
V	*	*	*	*	*	*	(V*)	*	
-	*	*	*	*	*	*	*	*	
V	*	*	*	*	*	*	*	(V*)	
-	*	*	*	*	*	*	*	*	
-	*	*	*	*	*)	*)	*	*	

V	(V*)	*	*	
-	*	*	*	
-	(ARG1*)	*	*	
V	*	(V*)	*	
-	(ARG1*	*	*	
V	*	*	(V*)	
-	*)	*	(ARG1*)	
-	*	*	*	
-	*	*	*	
-	*	*	(ARGM-TMP*)	
-	*	*	*	

-	*	(ARG1*)	
V	(V*)	*	
-	*	(ARG1*	
-	*	*	
-	*	*	
-	*	*)	
V	*	(V*)	
-	*	(ARG1*	
-	*	*)	
-	*	*	

-	(ARG1*)	*	*	*	*	*	
V	(V*)	*	*	*	*	*	
V	(ARG2*	(V*)	*	*	*	*	
-	*)	*	*	*	*	*	
-	*	*	*	(ARG0*)	*	*	
V	*	*	(V*)	*	*	*	
-	*	*	*	(ARGM-NEG*)	*	*	
V	*	*	*	(V*)	*	*	
-	*	*	*	(ARG1*	*	*	
V	*	*	*	*	(V*)	*	
-	(ARG0*)	*	*	*	(ARG1*	*	
-	*	*	*	*	*	*	
-	*	*	*	*)	*)	*	
-	*	*	*	*	*	*	
V	*	*	*	*	*	(V*)	

-	*	*	*	*	*	
V	(V*)	*	*	*	*	
V	(ARG1*)	(V*)	*	*	*	
-	(ARG1*	*	*	*	*	
-	*	*	(ARG1*)	*	*	
V	*	*	(V*)	*	*	
V	*	*	*	(V*)	*	
-	*	*	*	*	*	
-	*	*	*	*	*	
-	*	*	*	*	*	
-	*	*	*	*	(ARG1*)	
V	*	*	*	*	(V*)	
-	*	*	*	*	(ARG1*)	
-	*	*	*	*	*	
-	*	*	*	*	*	
-	*)	*	*	*	*	

V	(V*)	*	*	*	
-	*	*	*	*	
-	*	*	*	*	
-	*	*	*	*	
-	*	(ARG0*)	*	*	
V	*	(V*)	*	*	
-	*	(ARG1*	*	*	
V	*	*	(V*)	*	
-	*	*)	(ARG1*)	*	
-	*	*	*	*	
-	*	*	*	(ARG0*)	
-	*	*	*	(ARGM-MOD*)	
V	*	*	*	(V*)	
-	*	*	*	(ARG1*)	
-	*	*	*	*	

V	(V*)	*	
-	(ARG1*)	*	
V	(ARG1*)	(V*)	
-	*	*	

-	(ARG0*)	*	*	
V	(V*)	*	*	
-	(ARG1*	*	*	
V	*	(V*)	*	
-	*	(ARG1*	*	
-	*	*	*	
-	*	*	*	
-	*)	*)	*	
-	*	*	*	
-	*	*	(ARG1*)	
-	*	*	(ARGM-MOD*)	
-	*	*	(ARG0*)	
V	*	*	(V*)	
-	*	*	(ARG1*)	
-	*	*	(ARGM-TMP*)	
-	*	*	*	

-	*	(ARG0*)	
V	(V*)	*	
V	*	(V*)	
-	*	(ARG1*)	
-	*	*	

-	
-	
-	
-	
-	
-	
-	
-	
-	
-	
-	
-	
-	

-	*	(ARG0*)	
V	(V*)	(ARGM-MOD*)	
-	*	(ARGM-NEG*)	
V	*	(V*)	
-	*	(ARG1*)	
-	*	(ARGM-TMP*)	
-	*	*	

-	(ARG0*)	*	*	
V	(V*)	*	*	
-	(ARG1*)	*	*	
V	(ARG1*	(V*)	*	
-	*	*	*	
-	*)	*	*	
-	*	*	*	
-	*	*	*	
-	*	*	(ARG0*)	
V	*	*	(V*)	
-	*	*	(ARG2*)	
-	*	*	(ARG1*	
-	*	*	*	
-	*	*	*	
-	*	*	*	
-	*	*	*	
-	*	*	*	
-	*	*	*)	
-	*	*	*	

-	(ARG0*)	*	*	
-	(ARGM-MOD*)	*	*	
V	(V*)	*	*	
-	(ARG1*	(ARG0*	*	
-	*	*)	*	
-	*	(R-ARG0*)	*	
V	*)	(V*)	*	
-	*	*	*	
-	*	(ARG1*)	*	
-	*	*	*	
V	*	*	(V*)	
-	*	*	(ARGM-TMP*	
-	*	*	*	
-	*	*	*	
-	*	*	*)	
-	*	*	*	

-	(ARG2*)	*	*	
V	(V*)	*	*	
-	(ARG1*	*	*	
V	*)	(V*)	*	
-	(ARG2*	*	*	
-	*	*	*	
-	*	*	*	
-	*	*	*	
-	*	*	*	
-	*	*	*	
V	*	*	(V*)	
-	*)	*	(ARG1*)	
-	*	*	*	
-	*	*	(ARG2*)	
-	*	*	(ARG1*	
-	*	*	*	
-	*	*	*	
-	(ARG1*	*	*	
-	*	*	*	
-	*	*	*	
-	*	*	*	
-	*	*	*	
-	*	*	*	
-	*	*	*	
-	*	*	*	
-	*	*	*	
-	*	*	*	
-	*	*	*	
-	*	*	*	
-	*	*	*	
-	*	*	*	
-	*	*	*	
-	*	*	*	
-	*	*	*	
-	*	*	*	
-	*	*	*	
-	*	*	*	
-	*	*	*	
-	*	*	*	
-	*	*	*	
-	*	*	*	
-	*	*	*	
-	*	*	*	
-	*	*	*	
-	*	*	*	
-	*	*	*	
-	*	*	*	
-	*	*	*	
-	*	*	*	
-	*	*	*	
-	*	*	*	
-	*	*	*	
-	*	*	*	
-	*)	*	*)	

-	*	*	
-	(ARG0*)	*	
V	(V*)	*	
-	*	*	
-	(ARG1*	*	
-	*	*	
-	*)	*	
-	(ARG1*	(ARG0*)	
-	*	(ARGM-MOD*)	
V	*	(V*)	
-	*	(ARG1*	
-	*	*	
-	*	*	
-	*	*	
-	*)	*)	
-	*	*	

V	(V*)	
-	(ARG1*)	
-	(ARGM-TMP*	
-	*	
-	*)	
-	*	

-	(ARG1*	
-	*	
-	*	
-	*	
-	*	
-	*)	
-	(ARGM-MOD*)	
V	(V*)	
-	*	
-	(ARG1*)	
-	*	
-	*	
-	*	
-	(ARGM-ADJ*)	
-	(ARG1*)	
-	*	

-	(ARGM-DIS*)	*	
V	(V*)	*	
-	(ARG1*	*	
-	*)	*	
V	*	(ARG1*)	

-	*	
V	(V*)	
-	*	
-	*	
-	*	
-	*	

-	*	
-	*	
-	*	
-	*	
V	(V*)	
-	*	

-	(ARG0*)	
-	(ARG1*)	
V	(V*)	
-	(ARG2*	
-	*	
-	*)	

-	
-	
-	
-	
-	
-	

-	(ARG1*)	*	
V	(V*)	*	
-	(ARG2*	(ARGM-EXT*)	
V	*	(V*)	
-	*	*	
-	*)	*	

-	*	
V	(V*)	
-	*	
-	(ARG1*	
-	*)	
-	*	

-	*	(ARG1*	
-	*	*	
-	(ARGM-ADJ*)	*	
V	(V*)	*)	
V	*	(V*)	
-	*	*	

-	(ARG1*	*	
-	*)	*	
V	(V*)	*	
-	*	*	
V	*	(V*)	
-	*	(ARGM-MNR*)	
-	*	*	

-	
-	
-	
-	
-	
-	
-	

-	*	
-	*	
-	*	
V	(V*)	
-	*	
-	*	
-	*	

-	*	*	
-	*	*	
-	*	(ARG1*)	
V	(V*)	*	
-	*	*	
V	*	(V*)	
-	*	*	

-	
-	
-	
-	
-	
-	
-	
-	

-	(ARG0*)	*	
V	(V*)	*	
V	(ARG1*)	(V*)	
-	*	*	
-	*	*	
-	*	*	
-	(ARGM-TMP*)	*	
-	*	*	

-	(ARGM-TMP*	
-	*	
-	*)	
-	*	
-	(ARG0*)	
V	(V*)	
-	(ARG1*)	
-	*	

-	(ARG1*)	*	
V	(V*)	*	
V	(ARG2*	(V*)	
-	*)	*	

-	(ARG1*)	
V	(V*)	
-	(ARG2*	
-	*	
-	*)	

-	(ARG1*)	
V	(V*)	
-	*	
-	*	
-	(ARG2*	
-	*	
-	*	
-	*	
-	*)	

-	(ARG1*	
-	*	
-	*	
-	*)	
-	(ARG2*	
-	*	
-	*	
-	*)	
V	(V*)	

-	
-	
-	
-	

-	
-	
-	
-	
-	

-	(ARG1*	
-	*	
-	*)	
-	*	
-	*	
-	*	
-	(ARG1*)	
V	(ARG2*)	
-	*	

-	
-	

-	*	
-	(ARG1*)	
V	(V*)	
-	*	
-	*	
-	(ARG2*)	
-	*	

-	

-	(ARG1*)	
V	(V*)	
-	*	
-	*	
-	*	
-	*	
-	*	
-	*	
-	(ARG2*)	

-	(ARG0*)	*	
V	(V*)	*	
-	*	(ARG0*	
-	*	*)	
-	(ARG1*)	*	
V	*	(V*)	
-	*	*	

-	*	
V	(V*)	

-	
-	
-	

-	*	*	
-	*	*	
-	*	(ARG1*)	
V	(V*)	*	
-	*	(ARG2*)	
V	*	(V*)	
-	*	*	

-	*	*	
V	(V*)	*	
-	*	*	
V	*	(V*)	
-	*	(ARG2*)	
-	*	*	

-	
-	
-	
-	

-	*	*	
-	*	*	
-	*	*	
-	*	(ARG1*)	
V	(V*)	*	
V	*	(V*)	
-	*	*	
-	*	*	
-	*	*	
-	*	*	

-	
-	
-	
-	
-	

-	(ARG1*	
-	*)	
V	(V*)	
-	(ARG2*)	
-	(ARG2*	
-	*)	

-	*	(ARG1*	*	
V	(V*)	*)	*	
V	*	(V*)	*	
V	*	(ARG2*	(V*)	
-	*	*)	*	

-	(ARGM-DIS*)	*	
-	(ARG1*	*	
-	*)	*	
V	(V*)	*	
V	*	(V*)	
-	(ARG2*)	*	

-	*	*	
-	(ARG0*)	*	
V	(V*)	*	
-	(ARG1*	(ARG0*	
-	*	*)	
-	*	(R-ARG0*)	
V	*	(V*)	
-	*)	(ARGM-TMP*)	
-	*	*	

-	
-	

-	*	
-	*	
V	(ARG1*)	
-	*	

-	
-	
-	
-	
-	

-	*	
V	(V*)	
-	*	

-	(ARG1*)	
V	(V*)	
-	(ARG2*	
-	*	
-	*	
-	*	
-	*)	

-	*	
V	(V*)	
-	(ARG1*)	
-	(ARG1*)	

-	
-	
-	
-	
-	
-	
-	
-	
-	
-	
-	
-	

V	(V*)	*	*	
-	(ARG1*)	*	*	
-	(ARG1*	*	*	
V	*	(V*)	*	
-	*	(ARG1*	*	
V	*	*)	(V*)	
-	*	(ARGM-LOC*	*	
-	*	*	*	
-	*)	*)	*	
-	*	*	*	

V	(V*)	
-	*	

-	(ARG1*)	*	*	
V	(V*)	*	*	
-	(ARG2*	*	*	
-	*	*	*	
-	*	*	*	
-	*	*	*	
-	*	*	*	
-	*	*	*	
V	*	(V*)	*	
-	*	*	*	
V	*	*	(V*)	
-	*)	*	*	

V	(V*)	*	
-	(ARG1*	*	
V	*	(V*)	
-	*	(ARG1*	
-	*)	*)	
-	*	*	

-	(ARG1*)	*	*	
V	(V*)	*	*	
-	(ARG2*)	*	*	
-	(ARG1*	*	*	
V	*	(V*)	*	
V	*)	(ARG1*)	(V*)	
-	*	*	*	

-	*	
V	(V*)	
-	*	

-	(ARG2*)	
-	*	
-	*	
V	(ARG1*)	
-	*	
-	*	
-	*	

V	(V*)	
-	*	
-	*	

-	(ARG1*	*	
-	*)	*	
V	(V*)	*	
V	(ARG2*)	(V*)	

-	*	*	
V	(V*)	*	
-	*	*	
-	*	*	
V	*	(V*)	
-	*	*	

-	*	
V	(V*)	
-	*	

-	*	
-	*	
-	*	
-	(ARGM-ADJ*)	
V	(V*)	
-	*	

V	(V*)	*	*	
-	*	*	(ARG0*)	
-	*	*	(ARG1*)	
V	*	(V*)	(ARGM-TMP*	
-	*	*	*)	
V	*	*	(V*)	
-	*	*	*	

V	(V*)	*	*	*	
-	*	*	*	*	
-	(ARG1*)	*	*	*	
V	*	(V*)	*	*	
-	*	*	*	*	
-	(ARG1*)	*	*	*	
-	*	*	*	*	
-	*	*	*	*	
-	*	*	*	(ARG1*)	
V	*	*	(V*)	(ARGM-MOD*)	
V	*	*	*	(V*)	
-	*	*	*	(ARG2*)	
-	*	*	*	*	

-	*	*	
-	*	*	
-	*	*	
-	*	*	
-	(ARG1*)	*	
V	(V*)	*	
V	(ARG2*	(V*)	
-	*)	*	

V	(V*)	*	
-	(ARG1*	*	
V	*	(V*)	
-	*)	*	
-	*	*	
-	*	(ARG1*)	

-	
-	
-	
-	
-	
-	

-	(ARGM-DIS*)	
-	(ARG0*)	
V	(V*)	
-	(ARG1*	
-	*)	
-	(ARGM-TMP*)	
-	*	

-	*	*	
-	*	*	
-	*	*	
-	*	*	
-	*	*	
-	*	*	
V	(V*)	*	
-	(ARG1*)	*	
-	*	*	
-	*	(ARG0*	
-	*	*)	
V	*	(V*)	
-	*	*	

-	
-	
-	
-	

-	(ARG0*)	*	
V	(V*)	*	
-	*	*	
-	(ARG1*)	*	
-	(ARGM-TMP*)	*	
-	*	*	
V	(ARG1*	(V*)	
-	*	(ARG1*)	
-	*)	(ARG2*)	
-	*	*	

V	(V*)	*	
-	(ARG1*	*	
-	*	*	
-	*)	*	
-	*	*	
V	(ARG1*	(V*)	
-	*	(ARG1*	
-	*)	*)	
-	*	*	
-	(ARG1*)	*	
-	*	*	

V	(V*)	
-	(ARG1*)	
-	*	

-	
-	
-	
-	
-	
-	
-	
-	
-	

-	
-	
-	

-	
-	
-	

V	(V*)	*	
-	*	(ARGM-NEG*)	
V	*	(V*)	
-	*	*	

-	*	*	*	*	*	
V	(V*)	*	*	*	*	
V	(ARG2*)	(V*)	*	*	*	
-	(ARG1*	*	*	*	*	
V	*	*	(V*)	*	*	
-	*)	*	(ARG2*)	*	*	
-	*	*	*	*	(ARG1*	
-	*	*	*	*	*)	
V	*	*	*	(V*)	(ARGM-MOD*)	
V	*	*	*	*	(V*)	
-	*	*	*	*	*	

-	
-	
-	
-	
-	
-	
-	
-	

-	*	(ARG1*)	
-	*	*	
V	(V*)	*	
V	*	(V*)	
-	*	*	
-	*	(ARGM-TMP*)	
-	*	*	

-	(ARG1*)	
V	(V*)	
-	(ARG2*	
-	*)	

-	(ARG0*)	(ARGM-MOD*	
V	(V*)	*)	
V	*	(V*)	
-	*	(ARG1*	
-	*	*	
-	*	*	
-	*	*)	
-	*	*	

-	(ARG1*)	*	
V	(V*)	*	
V	(ARG2*	(V*)	
-	*)	*	

-	*	*	*	*	
-	*	*	*	*	
V	(V*)	*	*	*	
-	(ARGM-TMP*	*	*	*	
-	*	*	*	*	
-	*	*	*	*	
-	*	*	*	*	
-	*	*	*	*	
-	*	*	*	*	
V	*)	(V*)	*	*	
-	*	*	*	*	
-	*	*	*	(ARG1*	
-	*	*	*	*)	
-	*	*	(ARGM-MOD*)	*	
V	*	*	(V*)	*	
V	*	*	*	(V*)	

-	

-	(ARG0*)	
-	(ARGM-MOD*)	
-	*	
V	(V*)	
-	(ARG1*)	
-	*	
-	(ARGM-TMP*)	
-	*	

-	*	*	
-	*	*	
V	(V*)	*	
-	*	*	
-	*	(ARG1*)	
V	*	(V*)	
-	*	*	

-	(ARG0*)	*	*	
V	(V*)	*	*	
-	(ARG1*	*	*	
-	*	*	*	
-	*	*	*	
-	*	*	*	
-	*)	*	*	
-	*	*	*	
V	*	(V*)	*	
-	*	*	*	
-	*	*	(ARG1*	
-	*	*	*)	
V	*	*	(V*)	
-	*	*	(ARG2*	
-	*	*	*	
-	*	*	*)	
-	*	*	*	

V	(V*)	*	*	
-	*	*	*	
-	(ARG1*	(ARG1*)	*	
V	*)	(V*)	*	
-	*	*	*	
-	*	*	(ARG1*	
-	*	*	*	
-	*	*	*)	
-	*	*	*	
V	*	*	(V*)	
-	*	*	*	
-	*	*	(ARGM-LOC*)	
-	*	*	*	

-	(ARG1*)	
V	(V*)	
-	(ARG2*)	
-	*	

-	(ARG1*)	*	*	
V	(V*)	*	*	
-	*	*	*	
-	*	*	*	
-	(ARG2*)	*	*	
-	(ARG2*	*	*	
-	*	*	*	
V	*	(V*)	*	
-	*	*	*	
-	*	*	*	
-	*	*	*	
-	*	*	*	
-	*	*	(ARG0*)	
-	*	*	(ARGM-MOD*)	
V	*	*	(V*)	
-	*	*	(ARG1*)	
-	*)	*	*	

-	*	*	(ARG1*	
-	*	*	*	
-	*	*	*	
-	*	*	*	
-	*	*	*)	
-	*	*	*	
-	*	(ARG1*	*	
V	(V*)	*)	*	
V	*	(V*)	*	
V	*	(ARG2*	(V*)	
-	*	*)	*	

-	(ARGM-DIS*)	
V	(V*)	
-	(ARGM-TMP*)	
-	*	
-	*	
-	(ARGM-TMP*)	
-	*	

-	
-	
-	

-	
-	
-	

V	(V*)	*	*	
-	(ARG1*	*	*	
-	*	*	*	
-	*)	*	*	
-	*	*	(ARGM-LVB*	
V	*	(V*)	*)	
V	*	(ARG1*)	(V*)	
-	*	(ARG2*	*	
-	*	*)	*	
-	*	*	*	

V	(V*)	
-	*	

-	
-	
-	

V	(V*)	*	*	*	*	
V	(ARG1*)	(V*)	*	*	*	
-	(ARG1*	*	*	*	*	
V	*	*	(V*)	*	*	
-	*	*	(ARG1*	*	*	
-	*)	*	*	*	*	
-	(ARG1*	*	*	*	*	
-	*	*	*	*	*	
-	*)	*	*)	*	*	
-	*	*	*	*	*	
V	*	*	*	(V*)	*	
-	*	*	*	*	(ARG0*)	
V	*	*	*	(ARG1*)	(V*)	
-	*	*	*	*	*	

-	

-	(ARG1*)	
V	(V*)	
-	*	
-	(ARG2*)	
-	(ARGM-TMP*)	

-	(ARG0*)	*	
-	(ARGM-MOD*)	*	
V	(V*)	*	
-	(ARG1*	*	
-	*)	*	
-	*	*	
-	*	(ARG1*)	
V	*	(V*)	
-	*	*	
-	*	*	
-	*	*	
-	(ARG1*)	*	
-	*	*	

-	
-	

-	(ARG1*	
-	*	
-	*)	
V	(V*)	
-	*	

V	(V*)	
-	(ARG1*)	
-	(ARG2*)	
-	*	

-	
-	
-	
-	
-	
-	

-	(ARG1*	*	
-	*	*	
-	*	*	
-	*)	*	
-	*	*	
-	(ARG1*)	*	
V	(V*)	*	
-	(ARG2*	*	
-	*	*	
-	*	*	
-	*	(ARG0*)	
-	*	(ARGM-MOD*)	
V	*)	(V*)	
-	*	*	
-	*	*	
-	*	*	
-	*	(ARG1*)	
-	*	*	

-	
-	
-	
-	
-	
-	
-	
-	
-	
-	
-	
-	
-	

-	
-	
-	
-	
-	

-	(ARG1*)	*	
V	(V*)	*	
-	(ARG2*	*	
-	*	*	
-	*	*	
-	*	*	
V	*	(V*)	
-	*	(ARG1*	
-	*)	*)	

-	(ARG0*)	*	*	*	
V	(V*)	*	*	*	
-	(ARG1*	*	*	*	
V	*	(V*)	*	*	
-	*	(ARG1*	*	*	
-	*	*)	*	*	
-	*)	(ARG1*)	*	*	
-	*	*	*	*	
-	*	*	(ARG1*)	*	
V	*	*	(V*)	*	
V	*	(ARGM-TMP*)	*	(V*)	

-	

-	*	*	
-	*	(ARG1*	
-	*	*)	
-	*	*	
V	(V*)	*	
-	*	*	
V	*	(V*)	
-	*	*	

-	(ARG1*)	*	*	
V	(V*)	*	*	
V	(ARG2*	(V*)	*	
-	*)	*	*	
-	*	*	(ARG0*)	
-	*	*	(ARGM-MOD*)	
V	*	*	(V*)	
-	*	*	(ARG1*)	
-	*	*	(ARG2*	
-	*	*	*)	
-	*	*	*	

-	(ARGM-DIS*)	
-	(ARG0*)	
V	(V*)	
-	(ARG1*)	
-	(ARG2*)	
-	*	

-	(ARG0*)	*	*	
-	*	*	*	
-	(ARGM-NEG*)	*	*	
-	(ARGM-NEG*)	*	*	
V	(V*)	*	*	
-	*	*	*	
-	(ARG1*	*	*	
-	*	*	*	
-	*	*	*	
-	*)	*	*	
V	(ARG1*	(V*)	(ARGM-MOD*)	
-	*	*	(ARGM-NEG*)	
V	*)	*	(V*)	
-	*	*	*	

-	
-	
-	
-	
-	
-	

-	(ARG1*	*	
-	*	*	
-	*	*	
-	*)	*	
V	(V*)	*	
-	(ARG2*	*	
-	*)	*	
-	*	*	
-	(ARG2*	*	
-	*	*	
-	*)	*	
-	*	*	
V	*	(V*)	
-	*	*	

-	
-	
-	
-	
-	
-	
-	

V	(V*)	*	*	(ARG1*)	
-	*	*	*	*	
V	*	(V*)	*	*	
-	*	*	*	*	
-	*	*	*	*	
V	*	*	(V*)	*	
-	*	*	*	*	
-	*	*	*	(ARG1*)	
V	*	*	*	(V*)	
-	*	*	*	*	
-	*	*	*	*	
-	*	*	*	*	
-	*	*	*	*	
-	*	*	*	*	

-	(ARGM-ADJ*)	
V	(V*)	
-	*	

-	(ARG0*)	*	
-	*	*	
V	(V*)	*	
-	(ARG1*	*	
-	*	*	
V	*	(V*)	
-	*	(ARG1*	
-	*	*	
-	*	*	
-	*	*	
-	*)	*)	
-	*	*	

-	
-	
-	
-	
-	
-	

-	*	(ARG1*)	
V	(V*)	*	
V	*	(V*)	
-	*	(ARG2*	
-	*	*	
-	*	*)	
-	*	*	
-	*	*	
-	*	*	
-	*	*	
-	(ARG2*)	*	
-	(ARG2*	*	
-	*	*	
-	*	*	
-	*	*	
-	*	*	
-	*	*	
-	*	*	
-	*	*	
-	*)	*	
-	*	*	

V	(V*)	
-	(ARG1*)	

-	*	
V	(V*)	
-	*	

-	
-	
-	

V	(V*)	*	(ARG1*	*	*	*	
V	*	(V*)	*)	*	*	*	
-	*	*	(ARG0*)	*	*	*	
V	*	*	(V*)	*	*	*	
-	*	*	(ARG1*	*	*	*	
-	*	*	*	*	*	*	
-	*	*	*	*	*	*	
V	*	*	*	(V*)	*	*	
-	*	*	*	*	*	*	
V	*	*	*	*	(V*)	*	
-	*	*	*)	*	*	*	
V	*	*	*	*	*	(V*)	
-	*	*	*	*	*	*	

-	*	
V	(V*)	

-	(ARG0*	
-	*	
-	*	
-	*	
-	*)	
V	(V*)	
-	(ARG1*	
-	*)	
-	*	

-	
-	
-	
-	
-	
-	

-	
-	
-	
-	

-	(ARG1*	*	
-	*)	*	
V	(V*)	*	
V	(ARG2*	(V*)	
-	*	*	
-	*	*	
-	*	*	
-	*	*	
-	*)	*	

-	*	(ARGM-DIS*)	
V	(V*)	*	
-	*	(ARG0*)	
V	*	(V*)	
-	*	(ARG1*	
-	*	*)	
-	*	*	
-	*	(ARGM-TMP*	
-	*	*	
-	*	*	
-	*	*	
-	*	*	
-	*	*)	
-	*	*	

-	
-	

-	(ARG1*	*	*	
-	*	*	*	
-	*)	*	*	
V	(V*)	*	*	
V	(ARG2*)	(V*)	*	
-	*	*	*	
-	*	*	*	
-	*	*	*	
-	*	*	(ARG1*	
-	*	*	*)	
V	*	*	(V*)	
-	*	*	(ARG2*)	
-	*	*	*	
-	*	*	*	
-	*	*	*	
-	*	*	*	
-	*	*	*	

V	(V*)	
-	(ARG1*)	

-	(ARG1*	*	
-	*	*	
-	*	*	
-	*)	*	
-	*	*	
-	(ARG1*)	*	
V	(V*)	*	
-	(ARG2*	*	
V	*	(V*)	
-	*)	*	

-	(ARG2*)	
V	(V*)	
-	(ARG1*	
-	*)	
-	*	

-	(ARG1*)	*	*	
V	(V*)	*	*	
-	(ARG2*	*	*	
V	*)	(V*)	*	
-	(ARG2*	*	*	
-	*	*	*	
V	*)	*	(V*)	
-	*	*	*	

-	(ARG0*)	*	*	*	
V	(V*)	*	*	*	
-	*	*	*	*	
-	(ARG1*)	*	*	*	
-	*	*	*	*	
-	*	*	*	*	
V	*	(V*)	*	*	
-	*	*	*	*	
-	*	*	*	*	
-	*	*	*	*	
V	*	*	(V*)	(ARG0*)	
-	*	*	*	*	
-	*	*	*	(ARGM-MOD*)	
-	*	*	*	(ARGM-NEG*)	
V	*	*	*	(V*)	
-	*	*	*	*	
-	*	*	*	*	
-	*	*	*	*	
-	*	*	*	*	
-	*	*	*	*	
-	*	*	*	*	
-	*	*	*	*	

-	(ARG0*)	*	*	*	*	
V	(V*)	*	*	*	*	
-	*	(ARG0*)	*	*	*	
V	*	(V*)	*	*	*	
-	*	(ARG1*)	*	*	*	
-	*	*	*	*	*	
-	*	*	*	*	*	
-	*	*	*	*	*	
-	*	*	*	*	*	
-	*	*	*	*	*	
-	*	*	(ARG0*)	*	*	
V	*	*	(V*)	*	*	
-	*	*	(ARG1*)	*	*	
-	*	*	*	*	*	
-	*	*	*	*	*	
-	*	*	*	*	*	
-	*	*	*	*	*	
-	*	*	*	*	*	
-	*	*	*	(ARG1*)	*	
V	*	*	*	(V*)	*	
V	*	*	*	*	(V*)	
-	*	*	*	*	*	

-	*	
V	(V*)	

-	*	*	
V	(V*)	*	
-	(ARG1*	*	
-	*	*	
V	*	(V*)	
-	*	*	
-	*	*	
-	*	*	
-	*	*	
-	*	*	
-	*	*	
-	*	*	
-	*)	*	
-	*	*	

-	(ARG1*	*	
-	*	*	
-	*)	*	
V	(V*)	*	
-	(ARG2*	*	
V	*	(V*)	
-	*)	*	

-	

-	(ARG0*	*	
-	*	*	
-	*)	*	
V	(V*)	*	
-	(ARG1*	*	
-	*	(ARGM-ADJ*)	
V	*)	(V*)	
-	*	*	

V	(V*)	*	
V	(ARG0*	(V*)	
-	*	*	
-	*	(ARG1*)	
-	*	(ARGM-TMP*	
-	*	*	
-	*)	*)	
-	*	*	

V	(V*)	*	*	
-	(ARG1*	(ARG0*)	*	
V	*	(V*)	*	
-	*	(ARG1*)	*	
-	*	(ARG1*	*	
-	*	*	*	
V	*)	*)	(V*)	
-	*	*	*	

-	*	(ARGM-DIS*)	*	*	
V	(V*)	*	*	*	
-	*	*	*	*	
-	*	*	*	*	
-	(ARG1*)	*	*	*	
-	*	*	*	*	
-	*	(ARGM-ADV*)	*	*	
-	*	*	*	*	
-	*	(ARG1*	*	*	
-	*	*)	*	*	
-	*	(ARG1*)	*	*	
V	*	(V*)	*	*	
-	*	(ARG2*	*	*	
-	*	*	*	*	
-	*	*	*	*	
-	*	*)	*	*	
V	*	*	(V*)	(ARGM-MOD*)	
-	*	*	*	(ARGM-NEG*)	
V	*	*	*	(V*)	
-	*	*	*	*	

V	(V*)	*	
-	*	*	
V	*	(V*)	
-	*	*	

-	*	*	*	*	*	*	*	*	
-	*	*	*	*	*	*	*	*	
-	*	(ARG1*)	*	*	*	*	*	*	
V	(V*)	*	*	*	*	*	*	*	
V	*	(V*)	*	*	*	*	*	*	
-	*	(ARG1*	(ARG1*	*	*	*	*	*	
-	*	*	*)	*	*	*	*	*	
V	*	*	(V*)	*	*	*	*	*	
V	*	*	*	(V*)	*	*	*	*	
-	*	*	*	*	*	*	*	*	
V	*	*	*	*	(V*)	(ARG1*)	*	*	
V	*	*	*	*	*	(V*)	*	*	
-	*	*	*	*	*	(ARG2*)	*	*	
-	*	*	*	*	*	*	*	*	
V	*	*	*	*	*	*	(V*)	*	
-	*	*	*	*	*	*	*	*	
-	*	*)	*	*	*	*	*	*	
-	*	*	*	*	*	*	*	(ARG1*	
-	*	*	*	*	*	*	*	*)	
-	*	*	*	*	*	*	*	(ARG1*	
-	*	*	*	*	*	*	*	*	
-	*	*	*	*	*	*	*	*)	
V	*	*	*	*	*	*	*	(V*)	
-	*	*	*	*	*	*	*	*	

-	
-	
-	

-	(ARG0*	
-	*)	
V	(V*)	
-	*	
-	*	
-	(ARG1*)	
-	*	
-	*	
-	(ARG1*)	
-	*	

-	(ARG1*)	*	
V	(V*)	*	
-	(ARG2*	*	
V	*)	(V*)	
-	*	*	
-	(ARG2*)	*	
-	*	*	

V	(V*)	(ARG0*)	
-	*	(ARGM-NEG*)	
V	*	(V*)	
-	*	(ARG1*)	
-	*	*	

-	*	
-	*	
-	*	
-	*	
-	*	
-	*	
-	*	
-	*	
V	(V*)	
-	*	

-	*	*	*	*	*	
-	*	(ARG0*	*	*	*	
-	*	*)	*	*	*	
V	(V*)	*	*	*	*	
-	*	(ARGM-NEG*)	*	*	*	
V	*	(V*)	*	*	*	
V	*	(ARG1*)	(V*)	*	*	
-	*	*	*	*	*	
-	*	(ARG1*)	*	*	*	
-	*	*	*	*	*	
-	*	*	*	(ARG1*)	*	
V	*	*	*	(V*)	*	
V	*	*	*	(ARG2*	(V*)	
-	*	*	*	*	*	
-	*	*	*	*)	*	
-	*	*	*	*	*	

-	(ARG1*)	(ARG2*	
-	*	*	
-	*	*	
-	*	*	
-	*	*	
-	*	*	
-	*	*	
V	(V*)	*)	
V	*	(V*)	
-	*	*	
-	(ARG2*)	*	
-	*	*	

-	*	
-	(ARG1*	
-	*	
-	*)	
-	(ARG0*)	
V	(V*)	
-	(ARGM-ADJ*	
-	*	
-	*)	
-	(ARG1*	
-	*)	
-	*	
-	*	

-	*	*	
-	*	(ARG1*	
-	*	*	
-	*	*	
-	*	*	
-	*	*)	
-	*	(ARG1*)	
V	(V*)	*	
-	*	*	
V	*	(V*)	
-	*	*	

-	*	*	*	
-	*	*	*	
-	(ARG1*)	*	*	
V	(V*)	*	*	
-	(ARG2*	*	*	
V	*)	(V*)	*	
-	*	*	*	
-	(ARG2*)	*	*	
-	*	*	*	
V	*	*	(V*)	
-	*	*	(ARG1*)	
-	*	*	(ARGM-TMP*	
-	*	*	*	
-	*	*	*)	

-	
-	

-	*	*	*	*	*	
-	*	*	*	*	*	
-	*	*	*	*	*	
-	*	*	*	*	*	
V	(V*)	*	*	*	*	
-	*	*	*	*	*	
-	*	*	*	*	*	
-	*	*	*	*	*	
-	*	*	*	*	*	
V	*	(V*)	*	*	*	
-	*	*	*	*	*	
-	*	*	*	*	*	
V	*	*	(V*)	*	*	
-	*	*	*	*	*	
-	*	*	*	*	*	
-	*	*	*	*	*	
-	*	*	*	*	*	
V	*	*	*	(V*)	*	
-	*	*	*	*	*	
-	*	*	*	*	*	
-	*	*	*	*	*	
V	*	*	*	*	(V*)	
-	*	*	*	*	*	

-	

-	(ARG0*	
-	*	
-	*	
-	*)	
V	(V*)	
-	*	
-	(ARGM-ADJ*)	
-	(ARG2*)	
-	*	

-	*	*	*	
-	*	*	*	
-	(ARG1*)	*	*	
V	(V*)	*	*	
-	*	*	*	
V	*	(V*)	*	
-	*	(ARG2*	*	
-	*	*	*	
V	*	*)	(V*)	
-	*	*	*	

-	
-	
-	
-	
-	
-	

-	(ARGM-DIS*)	
-	(ARGM-NEG*)	
V	(V*)	
-	(ARG1*)	
-	*	

-	
-	
-	
-	
-	

-	(ARG0*	*	
-	*)	*	
V	(V*)	*	
-	(ARG2*)	*	
-	*	*	
-	(ARG1*	*	
-	*	*	
-	*)	*	
-	*	*	
-	(ARG2*	*	
-	*)	*	
-	*	(ARG1*	
-	*	*	
-	*	*	
-	*	*)	
V	*	(V*)	
-	*	*	

-	
-	

-	(ARG1*)	
V	(V*)	
-	(ARG2*	
-	*	
-	*	
-	*	
-	*	
-	*	
-	*)	

-	(ARG0*)	*	
V	(V*)	*	
-	(ARG1*)	*	
-	*	*	
-	*	(ARG1*)	
V	*	(V*)	
-	(ARGM-TMP*)	*	
-	*	*	

-	(ARGM-DIS*)	
-	(ARG1*)	
-	*	
V	(V*)	
-	(ARG1*	
-	*	
-	*)	
-	*	

-	
-	
-	

-	
-	
-	
-	
-	

-	*	*	
V	(V*)	*	
-	*	*	
-	*	*	
V	*	(V*)	
-	*	*	

-	*	*	
-	*	*	
-	*	*	
-	*	*	
-	*	*	
-	*	(ARG1*)	
-	*	(ARGM-MOD*)	
V	(V*)	(ARGM-MOD*)	
-	*	*	
-	*	*	
-	*	*	
V	*	(ARG2*)	
-	*	*	

-	(ARG0*	
-	*	
-	*	
-	*)	
-	*	
V	(V*)	
-	(ARG1*	
-	*	
-	*)	
-	*	

-	
-	
-	
-	
-	
-	

-	*	
V	(V*)	
-	*	
-	*	
-	*	
-	*	
-	*	
-	*	
-	*	
-	*	
-	*	

-	(ARGM-DIS*)	
-	*	
-	*	
-	(ARG2*)	
V	(V*)	

-	(ARG0*)	*	*	*	*	
V	(V*)	*	*	*	*	
-	(ARG1*	*	*	*	*	
-	*)	*	*	*	*	
-	(ARG1*	*	*	*	*	
V	*	(V*)	*	*	*	
-	*	*	*	*	*	
V	*)	*	(V*)	*	*	
-	*	*	*	*	*	
V	*	*	*	(V*)	*	
-	*	*	*	(ARG1*	*	
-	*	*	*	*	(ARG0*)	
-	*	*	*	*	(ARGM-MOD*)	
V	*	*	*	*	(V*)	
-	*	*	*	*	(ARG1*	
-	*	*	*	*	*	
-	*	*	*	*	*	
-	*	*	*	*	*	
-	*	*	*	*	*)	
-	*	*	*	*)	(ARGM-ADV*)	
-	*	*	*	*	*	

-	*	(ARG0*	*	
-	*	*	*	
V	(V*)	*)	*	
V	*	(V*)	*	
-	*	(ARG1*	*	
-	*	*)	*	
V	*	*	(V*)	
-	*	*	(ARGM-TMP*	
-	*	*	*)	
-	*	*	*	

-	*	*	*	*	*	
V	(V*)	*	*	*	(ARG1*)	
-	*	*	*	*	(ARG1*	
V	*	(V*)	*	*	*	
-	*	(ARG1*)	*	*	*)	
V	*	*	(V*)	*	*	
-	*	*	*	*	*	
-	*	*	*	*	*	
-	*	*	*	*	(ARG1*)	
-	*	*	*	*	*	
V	*	*	*	(V*)	(ARGM-MOD*)	
V	*	*	*	*	(V*)	
-	*	*	*	*	*	
-	*	*	*	*	*	
-	*	*	*	*	*	
-	*	*	*	*	*	

-	*	*	
-	*	*	
-	*	*	
V	(V*)	*	
-	*	*	
-	*	(ARG0*)	
-	*	(ARGM-MOD*)	
V	*	(V*)	
-	*	(ARG1*)	
-	*	*	
-	*	*	

-	(ARG1*)	*	*	
V	(V*)	*	*	
V	(ARG2*)	(V*)	*	
-	*	*	*	
-	*	*	*	
-	*	*	*	
-	*	*	*	
-	*	*	*	
V	*	*	(V*)	
-	*	*	*	
-	*	*	*	
-	*	*	*	
-	*	*	*	
-	*	*	*	
-	*	*	*	
-	*	*	*	
-	*	*	*	
-	*	*	*	

-	
-	
-	
-	

-	*	*	(ARG1*)	
V	(V*)	*	*	
V	*	(V*)	*	
V	*	*	(V*)	
-	*	*	*	
-	*	*	(ARGM-TMP*)	
-	*	*	(ARGM-TMP*	
-	*	*	*)	
-	*	*	*	

-	*	(ARG0*)	*	
V	(V*)	*	*	
-	*	*	*	
V	*	(V*)	*	
-	*	(ARG1*	*	
-	*	*	*	
-	*	*)	*	
-	*	(ARGM-LOC*	*	
-	*	*	*	
-	*	*	*	
V	*	*)	(V*)	
-	*	*	*	

-	*	
V	(V*)	
-	*	

-	
-	
-	

-	*	*	*	*	
-	*	*	*	*	
-	(ARG0*	*	*	*	
-	*)	*	*	*	
V	(V*)	*	*	*	
V	(ARG1*)	(V*)	*	*	
-	*	*	*	*	
V	*	*	(V*)	*	
-	*	*	(ARG1*	*	
-	*	*	*	*	
-	*	*	*	*	
-	*	*	*)	*	
-	*	*	*	*	
V	*	*	*	(V*)	
-	*	*	*	(ARG1*	
-	*	*	*	*	
-	*	*	*	*	
-	*	*	*	*	
-	*	*	*	*	
-	*	*	*	*)	
-	*	*	*	*	

-	(ARG0*)	
-	(ARGM-MOD*)	
-	(ARGM-NEG*)	
V	(V*)	
-	*	

-	*	*	*	*	*	*	*	
-	*	*	*	*	*	*	*	
-	(ARGM-ADJ*)	*	*	*	*	*	*	
V	(V*)	*	*	*	*	*	*	
-	(ARG1*	*	*	*	*	*	*	
-	*	*	*	*	*	*	*	
V	*	(V*)	*	*	*	*	*	
-	*	*	*	*	*	*	*	
-	*)	*	*	*	*	*	*	
-	*	*	*	*	*	*	*	
-	*	*	(ARG1*)	*	*	*	*	
V	*	*	(V*)	*	*	*	*	
V	*	*	(ARG2*)	(V*)	*	*	*	
-	*	*	(ARG2*	*	*	*	*	
-	*	*	*	*	*	*	*	
-	*	*	*)	*	*	*	*	
-	*	*	*	*	*	*	*	
-	*	*	*	*	*	*	*	
-	*	*	*	*	*	(ARG1*)	*	
V	*	*	*	*	(V*)	(ARGM-MOD*)	*	
-	*	*	*	*	*	*	*	
V	*	*	*	*	*	(V*)	*	
-	*	*	*	*	*	*	*	
V	*	*	*	*	*	*	(V*)	
-	*	*	*	*	*	*	*	
-	*	*	*	*	*	*	*	

-	(ARG0*)	*	*	
V	(V*)	*	*	
-	(ARG1*)	*	*	
-	(ARG1*	*	*	
-	*	*	*	
-	*)	*	*	
-	*	*	*	
-	*	(ARG1*	*	
-	*	*)	*	
V	*	(V*)	*	
-	*	(ARG2*	*	
V	*	*)	(V*)	
-	*	*	*	

-	*	(ARGM-DIS*)	*	*	*	
-	*	*	*	*	*	
-	*	(ARG0*)	*	*	*	
V	(V*)	*	*	*	*	
-	*	(ARGM-NEG*)	*	*	*	
V	*	(V*)	*	*	*	
-	*	(ARG1*)	*	*	*	
-	*	(ARG2*	*	*	*	
V	*	*	(V*)	*	*	
-	*	*	*	*	*	
-	*	*	*	*	*	
-	*	*	*	(ARG1*)	*	
V	*	*	*	(V*)	*	
V	*	*)	*	(ARG2*)	(V*)	
-	*	*	*	*	*	

-	
-	
-	

V	(V*)	*	
-	*	(ARG1*)	
-	*	*	
-	*	*	
-	*	*	
V	*	(V*)	
-	*	*	

-	*	(ARG1*	*	
-	*	*)	*	
V	(V*)	*	*	
-	(ARG2*)	*	*	
-	*	*	*	
V	*	(V*)	*	
-	*	(ARG1*	(ARG0*	
-	*	*	*)	
-	*	*	(R-ARG0*)	
V	*	*	(V*)	
-	*	*)	(ARG1*)	
-	*	*	*	

-	
-	
-	
-	
-	
-	
-	

-	*	(ARG1*	
V	(V*)	*	
-	*	*	
-	*	*)	
V	*	(V*)	
-	*	(ARG2*	
-	*	*)	

-	(ARG0*)	*	*	
V	(V*)	*	*	
-	(ARG1*	*	*	
-	*	*	*	
-	*	*	*	
-	*)	*	*	
V	*	(V*)	(ARGM-LVB*)	
-	*	(ARG1*	*	
V	*	*)	(V*)	
-	*	(ARG2*	*	
-	*	*)	*	
-	*	*	*	

-	(ARG1*)	
V	(V*)	
-	*	
-	*	
-	(ARG2*	
-	*	
-	*	
-	*	
-	*	
-	*	
-	*)	

-	(ARG1*	*	*	*	*	*	*	
-	*)	*	*	*	*	*	*	
V	(V*)	*	*	*	*	*	*	
V	(ARG1*)	(V*)	*	*	*	*	*	
-	(ARG1*	*	*	*	*	*	*	
-	*	*	(ARG0*)	*	*	*	*	
-	*	*	(ARGM-MOD*)	*	*	*	*	
V	*	*	(V*)	*	*	*	*	
-	*)	*	(ARG2*)	*	*	*	*	
V	*	*	*	(V*)	(ARG1*	*	*	
-	*	*	*	(ARG1*)	*	*	*	
-	*	*	*	*	*	*	*	
-	*	*	*	*	*)	*	*	
V	*	*	*	*	(V*)	*	*	
-	*	*	*	(ARGM-TMP*)	*	*	*	
-	*	*	*	*	*	*	*	
-	*	*	*	*	*	*	*	
-	*	*	*	*	*	*	(ARG1*)	
V	*	*	*	*	*	(V*)	*	
-	*	*	*	*	(ARG2*)	*	*	
-	*	*	*	*	*	*	*	
-	*	*	*	*	*	*	*	
-	*	*	*	*	*	*	*	
-	*	*	*	*	*	*	*	
V	*	*	*	*	*	*	(V*)	
-	*	*	*	*	*	*	(ARG1*)	
-	*	*	*	*	*	*	*	
-	*	*	*	*	*	*	*	
-	*	*	*	*	*	*	*	

-	
-	
-	

-	*	*	*	
-	*	*	*	
-	*	*	*	
-	*	*	*	
-	*	*	*	
V	(ARG1*)	*	*	
-	*	*	*	
-	*	*	*	
-	*	*	*	
-	*	*	*	
-	*	*	*	
V	*	(V*)	*	
-	*	*	*	
V	*	*	(V*)	
-	*	*	*	

-	(ARG1*)	
-	*	
V	(V*)	
-	*	
-	*	
-	*	
-	*	
-	*	
-	*	
-	*	
-	*	

-	(ARG1*)	*	
V	(V*)	*	
V	(ARG2*	(V*)	
-	*)	*	

-	(ARG0*)	
V	(V*)	
-	*	
-	*	
-	(ARG1*	
-	*	
-	*)	
-	(ARGM-TMP*	
-	*	
-	*	
-	*	
-	*)	
-	(ARGM-LOC*	
-	*	
-	*)	
-	*	

-	(ARG1*	*	
-	*)	*	
V	(V*)	*	
-	(ARG2*	(ARGM-EXT*)	
V	*	(V*)	
-	*)	*	

-	*	
-	(ARG0*)	
V	(V*)	
-	*	

-	
-	
-	
-	

-	*	*	*	*	
-	(ARG0*)	*	*	*	
V	(V*)	*	*	*	
-	*	*	*	*	
-	(ARG1*)	*	*	*	
-	(ARGM-TMP*	*	*	*	
-	*	*	*	*	
-	*)	*	*	*	
-	*	*	*	*	
V	*	(V*)	*	*	
-	*	*	(ARGM-NEG*)	*	
V	*	*	(V*)	*	
-	*	*	(ARG1*	*	
V	*	*	*	(V*)	
-	*	*	*	(ARG1*	
-	*	*	*	*	
-	*	*	*)	*)	
-	*	*	*	*	

-	(ARG1*)	
V	(V*)	
-	*	
-	*	
-	(ARG2*)	
-	*	
-	*	
-	(ARG2*)	
-	*	

-	
-	
-	
-	

-	(ARG1*	*	
-	*)	*	
V	(V*)	*	
V	(ARG2*	(V*)	
-	*)	*	

-	*	*	(ARG1*	
-	*	*	*)	
V	(V*)	*	*	
-	*	*	*	
-	*	(ARG1*	*	
-	*	*)	*	
V	*	(V*)	*	
-	*	(ARG2*	*	
-	*	*	*	
V	*	*	(V*)	
-	*	*)	*	

-	(ARG0*)	
-	(ARGM-MOD*)	
V	(V*)	
-	*	
-	*	
-	*	
-	*	

-	*	*	
V	(V*)	(ARGM-NEG*)	
-	*	(ARGM-NEG*)	
V	*	(V*)	
-	*	(ARG1*)	
-	*	*	

-	
-	

-	(ARG0*	*	*	
-	*)	*	*	
V	(V*)	*	*	
-	(ARG1*)	*	*	
-	(ARG1*	*	*	
-	*	*	*	
V	*)	(V*)	*	
-	*	*	*	
V	*	*	(V*)	
-	*	*	(ARG1*	
-	*	*	*	
-	*	*	*	
-	*	*	*	
-	*	*	*	
-	*	*	*	
-	*	*	*	
-	*	*	*)	
-	*	*	*	

-	(ARG0*	
-	*	
-	*	
-	*)	
V	(V*)	
-	*	
-	*	
-	(ARGM-ADJ*)	
-	(ARG1*)	
-	*	

-	*	(ARG1*)	
V	(V*)	*	
-	*	*	
-	*	*	
-	*	*	
V	*	(ARG1*)	
-	*	(ARG1*	
-	*	*)	
-	*	(ARGM-TMP*	
-	*	*)	
-	*	*	

-	*	
-	*	
-	*	
-	*	
-	*	
-	(ARG0*)	
V	(V*)	
-	*	
-	(ARG1*	
-	*	
-	*	
-	*	
-	*	
-	*	
-	*	
-	*	
-	*	
-	*	
-	*)	
-	*	

-	*	
V	(V*)	

-	*	(ARG0*)	*	*	
V	(V*)	(ARGM-LVB*)	*	*	
-	(ARGM-PRR*	*	*	*	
V	*	(V*)	*	*	
-	*	(ARG1*	*	*	
-	*	*	*	*	
V	*	*	(V*)	*	
-	*	*	*	(ARG0*)	
V	*)	*)	*	(V*)	
-	*	*	*	*	

-	(ARG1*	*	*	*	
-	*)	*	*	*	
V	(V*)	*	*	*	
V	(ARG2*	(V*)	*	*	
-	*	*	*	*	
-	*	*	*	*	
-	*	*	*	*	
V	*	*	(V*)	*	
-	*	*	*	*	
V	*	*	*	(V*)	
-	*)	*	*	*	

-	(ARG0*)	*	*	
-	(ARGM-MOD*)	*	*	
V	(V*)	*	*	
V	(ARG1*)	(V*)	*	
-	(ARG1*	*	*	
V	*)	*	(V*)	
-	*	*	*	
-	*	*	(ARG2*)	
-	*	*	*	

-	*	*	
V	(V*)	(ARG1*)	
-	*	(ARG1*)	
V	*	(V*)	
-	*	*	

-	*	*	*	(ARG2*	
-	*	*	*	*	
-	*	*	*	*	
-	*	*	*	*	
-	*	*	*	*)	
V	(V*)	*	*	*	
-	*	*	*	*	
V	*	(V*)	*	*	
-	*	*	(ARG0*)	*	
V	*	*	(V*)	*	
V	*	*	(ARG1*)	(V*)	
-	*	*	*	*	
-	*	*	(ARG1*)	*	
-	*	*	*	*	
-	*	*	(ARG2*)	*	
-	*	*	*	*	

-	(ARG1*)	*	*	
V	(V*)	*	*	
-	(ARG2*	*	*	
-	*	*	*	
-	*)	*	*	
-	(ARG2*)	*	*	
V	*	(V*)	*	
V	*	*	(V*)	
-	*	*	(ARGM-ADV*)	
-	*	*	*	

-	
-	
-	

-	(ARGM-ADJ*)	(ARG1*	*	
V	(V*)	*)	*	
-	*	*	*	
-	*	(ARG0*)	*	
V	*	(V*)	*	
-	*	*	*	
-	*	*	*	
-	*	(ARG1*	(ARG0*)	
V	*	*	(V*)	
-	*	*)	(ARG1*)	
-	*	*	*	

-	*	(ARG0*)	*	
V	(V*)	*	*	
V	*	(V*)	*	
-	*	(ARG1*	*	
-	*	*	*	
-	*	*	*	
-	*	*)	*	
-	*	(ARGM-TMP*	*	
-	*	*)	*	
-	*	*	*	
-	*	*	(ARG0*)	
-	*	*	(ARGM-MOD*)	
V	*	*	(V*)	
-	*	*	*	
-	*	*	*	
-	*	*	(ARG1*)	
-	*	*	*	

-	
-	
-	

-	(ARG1*)	*	
V	(V*)	*	
-	(ARG2*	*	
-	*	*	
-	*)	*	
-	*	*	
-	*	(ARG1*)	
V	*	(V*)	
-	*	*	
-	*	*	
-	(ARGM-ADJ*)	*	
-	*	(ARG2*)	
-	*	*	
-	*	*	
-	*	(ARG2*	
-	*	*	
-	*	*)	

-	
-	
-	
-	
-	
-	
-	
-	
-	
-	
-	
-	
-	

-	
-	

-	(ARGM-DIS*)	
V	(V*)	
-	(ARG1*)	
-	*	
-	(ARG2*)	
-	(ARGM-TMP*	
-	*	
-	*	
-	*	
-	*	
-	*)	
-	*	

-	(ARG0*)	
V	(V*)	
-	(ARG1*)	
-	(ARG2*	
-	*	
-	*)	
-	*	

-	*	*	(ARGM-ADV*	
-	*	*	*)	
-	*	*	*	
V	(V*)	*	(ARG1*)	
-	*	*	(ARGM-MOD*)	
V	*	(V*)	*	
V	*	*	(V*)	
-	*	*	(ARG1*	
-	*	*	*)	
-	*	*	*	
-	*	*	(ARG1*)	
-	*	*	*	
-	*	*	*	

-	
-	
-	
-	
-	
-	

-	(ARG0*)	*	*	*	*	
V	(V*)	*	*	*	*	
-	*	(ARG0*)	*	(ARGM-TMP*	*	
-	*	(ARGM-ADJ*)	*	*	*	
V	*	(V*)	*	*)	*	
-	*	*	*	*	*	
-	(ARG1*	*	*	*	*	
-	*	*	*	*	*	
V	*	*	(V*)	*	*	
-	*	*	(ARG1*	*	*	
V	*	*	*)	(V*)	*	
-	*	*	(ARGM-PRP*	*	*	
V	*	*	*	*	(V*)	
-	*	*	*	*	(ARG1*)	
-	*	*	*	*	(ARG2*	
-	*	*	*	*	*	
-	*)	*	*)	*	*)	
-	*	*	*	*	*	

-	(ARGM-DIS*)	
-	(ARG1*	
-	*)	
V	(V*)	
-	(ARG2*	
-	*)	

-	
-	
-	
-	

V	(V*)	
-	*	
-	*	

-	(ARG1*	*	
-	*)	*	
V	(V*)	*	
V	(ARG2*	(V*)	
-	*)	*	

-	*	*	
-	*	*	
-	(ARG1*)	*	
V	(V*)	*	
V	(ARG2*	(V*)	
-	*)	*	

-	(ARG0*)	*	
V	(V*)	*	
-	(ARG1*)	*	
-	(ARGM-TMP*)	*	
-	(ARG1*	*	
V	*	(V*)	
-	*	(ARG1*	
-	*	*	
-	*	*	
-	*	*	
-	*	*	
-	*)	*)	
-	*	*	

-	*	*	
V	(V*)	*	
-	*	*	
V	*	(ARG1*)	
-	*	(ARG1*	
-	*	*	
-	*	*)	
-	*	(ARGM-TMP*)	
-	*	*	

-	
-	
-	

-	*	*	*	
-	(ARG0*	*	*	
-	*	*	*	
-	*)	*	*	
V	(V*)	*	*	
-	*	*	*	
-	*	*	*	
-	*	*	*	
-	(ARG1*	*	*	
-	*	*	*	
-	*	*	*	
-	*)	*	*	
-	*	(ARG1*	*	
-	*	*	*	
-	*	*)	*	
-	*	*	*	
V	*	(V*)	*	
-	*	(ARG1*	*	
-	*	*	*	
V	*	*	(V*)	
-	*	*	*	
-	*	*	*	
-	*	*	*	
-	*	*	*	
-	*	*	*	
-	*	*	*	
-	*	*	*	
-	(ARG1*)	*	*	
-	*	*)	*	
-	*	*	*	

-	(ARG0*)	*	*	
-	(ARGM-MOD*)	*	*	
V	(V*)	*	*	
-	(ARG1*	*	*	
V	*	(V*)	*	
-	*	(ARG1*	(ARG0*	
-	*	*	*	
-	*	*	*)	
-	*	*	(R-ARG0*)	
V	*	*	(V*)	
-	*	*	(ARG1*	
-	*	*	*	
-	*	*	*	
-	*	*	*	
-	*	*	*	
-	*)	*)	*)	
-	*	*	*	

-	*	(ARGM-TMP*	*	*	
-	*	*	*	*	
V	(V*)	*)	*	*	
-	*	*	*	*	
V	*	(V*)	*	*	
-	*	(ARG1*	*	*	
-	*	*	*	*	
-	*	*)	*	*	
V	*	*	(V*)	*	
-	*	*	*	*	
-	*	*	*	(ARG1*)	
V	*	*	(ARG2*)	(V*)	
-	*	*	*	*	

-	(ARG1*)	
V	(V*)	
-	(ARG2*)	
-	*	

-	*	(ARG1*	
-	*	*	
-	*	*	
-	*	*	
-	*	*)	
V	(V*)	*	
-	*	*	
V	*	(V*)	
-	*	*	
-	*	(ARG1*)	
-	*	(ARGM-MOD*)	
-	*	*	
-	*	*	
-	*	*	
-	*	*	
-	(ARG2*	*	
-	*)	*	
-	*	*	
-	*	*	
-	(ARGM-TMP*)	*	
-	*	*	

-	(ARG1*	*	
-	*)	*	
V	(V*)	*	
-	(ARG2*	*	
-	*	*	
-	*	*	
-	*	*	
-	*	*	
-	*	*	
-	*	*	
-	*	*	
-	*	(ARGM-MOD*)	
V	*	(V*)	
-	*)	(ARG1*)	

-	
-	
-	
-	

-	*	
-	*	
-	*	
-	*	
-	*	
-	*	
-	*	
-	*	
V	(V*)	
-	*	

-	(ARG0*)	*	
V	(V*)	*	
-	(ARG1*	*	
-	*	*	
-	*	*	
-	*)	*	
-	(ARG1*	*	
-	*	*	
-	*	*	
-	*	*	
-	*	*	
-	*	*	
-	*	*	
V	*	(V*)	
-	*)	(ARG1*)	
-	*	*	
-	*	*	
-	(ARG1*	*	
-	*	*	
-	*)	*	
-	*	*	

-	
-	

-	*	
-	*	
-	*	
-	*	
V	(V*)	

-	(ARG1*	
-	*)	
V	(V*)	
-	(ARG2*	
-	*	
-	*)	

-	*	(ARG1*	*	
-	*	*)	*	
V	(V*)	*	*	
-	*	(ARGM-NEG*)	*	
V	*	(V*)	*	
-	*	(ARG2*)	*	
-	*	*	*	
V	*	*	(V*)	
-	*	*	*	
-	*	*	*	
-	*	*	*	
-	*	*	*	
-	*	*	*	

-	(ARG2*)	
-	(ARG1*	
-	*	
-	*	
-	*	
-	*	
-	*	
-	*	
-	*	
-	*)	
V	(V*)	
-	*	

-	*	
-	(ARGM-ADJ*)	
V	(V*)	
-	*	

-	(ARG0*	*	*	
-	*)	*	*	
-	(ARGM-MOD*)	*	*	
V	(V*)	*	*	
-	(ARG1*	*	*	
-	*)	*	*	
-	*	*	*	
-	*	(ARG0*)	*	
V	*	(V*)	*	
-	*	*	*	
-	*	(ARG1*)	*	
-	*	(ARG1*	(ARG0*)	
-	*	*	(ARGM-MOD*)	
V	*	*	(V*)	
-	*	*	(ARG1*	
-	*	*	*	
-	*	*	*	
-	*	*	*	
-	*	*	*	
-	*	*	*	
-	*	*)	*)	
-	*	*	*	

-	*	
-	*	
-	*	
-	*	
-	(ARG1*)	
-	*	
-	(ARGM-MOD*)	
V	(V*)	

-	
-	
-	

-	
-	
-	
-	

-	(ARG0*)	*	
-	(ARGM-MOD*)	*	
-	(ARGM-NEG*)	*	
V	(V*)	*	
-	*	*	
-	(ARG1*	*	
-	*)	*	
-	*	(ARG0*	
-	*	*	
-	*	*)	
-	(ARGM-ADV*)	*	
V	(ARGM-ADV*)	(V*)	
-	*	*	

-	
-	
-	

-	
-	
-	

-	(ARG0*	*	*	
-	*)	*	*	
V	(V*)	*	*	
-	(ARG1*)	*	*	
-	*	*	(ARG0*)	
V	*	(V*)	*	
V	(ARG1*)	*	(V*)	
-	*	*	*	

V	(V*)	*	
-	*	*	
V	*	(V*)	
-	*	*	

-	(ARGM-ADJ*)	
-	*	
V	(V*)	

-	(ARG0*	*	
-	*)	*	
V	(V*)	*	
-	(ARG1*	*	
-	*)	*	
-	*	*	
-	*	(ARG0*)	
-	*	(ARGM-MOD*)	
V	*	(V*)	
-	*	(ARG1*	
-	*	*)	
-	*	*	

-	*	*	*	*	*	*	
-	(ARG0*)	*	*	*	*	*	
V	(V*)	*	*	*	*	*	
-	(ARG1*	*	*	*	*	*	
V	*	(V*)	*	*	*	*	
-	*	(ARG1*)	*	*	*	*	
-	*	(ARG1*	(ARG0*)	*	*	*	
V	*	*	(V*)	*	*	*	
-	*	*	*	*	*	*	
-	*	*	*	*	*	*	
-	*	*	*	(ARG0*)	*	*	
V	*	*	*	(V*)	*	*	
-	*	*	*	(ARG1*	*	*	
V	*	*	*	*	(V*)	*	
-	*	*	*	*	(ARG1*	*	
-	*	*	*	*	*	*	
V	*	*	*	*	*	(V*)	
-	*	*	*	*	*	*	
-	*	*	*	*	*	*	
-	*)	*)	*	*)	*)	*	
-	*	*	*	*	*	*	

-	(ARGM-DIS*)	*	
-	*	*	
-	(ARG0*	*	
-	*)	*	
V	(V*)	*	
-	*	*	
-	*	*	
-	*	*	
-	*	*	
-	*	*	
V	*	(V*)	
-	*	(ARG1*)	
-	*	(ARG1*	
-	*	*	
-	*	*)	
-	*	*	
-	*	*	
-	*	*	

-	(ARG0*)	*	*	*	*	
V	(V*)	*	*	*	*	
-	(ARG1*	(ARG0*	*	*	*	
-	*	*	*	*	*	
-	*	*)	*	*	*	
-	*	(R-ARG0*)	*	*	*	
V	*	(V*)	*	*	*	
-	*	(ARG1*	*	*	*	
V	*	*	(V*)	*	*	
-	*	*	(ARG1*	*	*	
V	*	*	*	(V*)	*	
-	*	*	*	(ARG1*)	*	
-	*	*	*	*	*	
V	*	*	*	(ARG1*	(V*)	
-	*	*	*	*	*	
-	*	*	*	*	(ARG2*	
-	*)	*)	*)	*)	*)	
-	*	*	*	*	*	

-	*	
V	(V*)	

-	*	*	
-	*	*	
-	*	(ARGM-NEG*)	
V	(V*)	*	
V	*	(V*)	
-	*	*	

V	(V*)	*	*	*	
-	(ARG1*	*	*	*	
-	*)	*	*	*	
-	*	*	*	*	
V	*	(V*)	*	*	
-	*	*	*	*	
V	*	*	(V*)	*	
-	*	*	*	*	
-	*	*	(ARG1*	*	
-	*	*	*)	*	
V	*	*	(ARG1*	(V*)	
-	*	*	*	*	
-	*	*	*)	*	
-	*	*	*	*	

V	(V*)	*	
-	(ARG1*	*	
-	*	(ARG0*)	
V	*	(V*)	
-	*)	(ARG1*)	
-	*	*	

V	(V*)	*	
-	(ARG1*)	*	
-	*	*	
-	*	(ARG0*)	
V	*	(V*)	
-	*	(ARG1*)	
-	*	*	

-	
-	
-	

-	(ARGM-DIS*)	*	
-	(ARGM-DIS*)	*	
V	(V*)	*	
-	(ARG1*)	*	
V	(ARG1*	(V*)	
-	*	*	
-	*	*	
-	*	*	
-	*	*	
-	*	*	
-	*)	*	
-	(ARGM-TMP*	*	
-	*	*	
-	*)	*	
-	*	*	

-	(ARG1*	*	*	*	*	*	*	
-	*)	*	*	*	*	*	*	
V	(V*)	*	*	*	*	*	*	
-	*	*	*	*	*	*	*	
-	*	*	*	*	*	*	*	
V	*	(V*)	*	*	*	*	*	
-	(ARG2*)	*	*	*	*	*	*	
V	*	*	(V*)	*	*	*	*	
-	*	*	(ARG2*	*	*	*	*	
-	*	*	*	*	*	*	*	
-	*	*	*	*	*	*	*	
-	*	*	*	*	*	*	*	
V	*	*	*)	(V*)	*	*	*	
-	*	*	*	*	*	*	*	
-	*	*	*	*	*	*	*	
V	*	*	*	*	(V*)	*	*	
-	*	*	*	*	*	*	(ARG1*	
-	*	*	*	*	*	*	*	
V	*	*	*	*	*	(V*)	*)	
-	*	*	*	*	*	*	(ARG0*)	
V	*	*	*	*	*	*	(V*)	
-	*	*	*	*	*	*	*	

-	*	
-	*	
-	*	
V	(V*)	
-	*	
-	(ARGM-ADJ*)	
-	(ARGM-TMP*)	
-	*	

-	
-	
-	
-	
-	
-	
-	
-	
-	
-	
-	

-	(ARG0*)	*	*	*	
V	(V*)	*	*	*	
-	(ARG1*	*	*	*	
-	*	*	*	*	
V	*	(V*)	*	*	
-	*	*	*	*	
-	*	*	*	*	
-	*	*	*	*	
-	*	*	*	*	
-	*	*	*	*	
-	*	*	*	*	
V	*	*	(V*)	*	
-	*	*	*	*	
-	*	*	*	*	
-	*)	*	*	*	
V	*	*	*	(V*)	

-	*	
-	*	
-	(ARG1*)	
-	(ARG1*)	
-	(ARG1*)	
V	(V*)	
-	(ARG2*)	
-	*	

-	(ARG0*)	*	
V	(V*)	*	
-	(ARGM-LOC*	*	
-	*	*	
V	*	(V*)	
-	*)	*	
-	*	*	
-	*	*	
-	*	*	
-	*	*	
-	*	*	
-	*	*	

-	(ARG0*	*	*	*	
-	*)	*	*	*	
V	(V*)	*	*	*	
-	(ARG1*)	*	*	*	
-	*	*	(ARG0*)	*	
V	*	(V*)	*	*	
V	*	*	(V*)	*	
-	*	*	(ARG1*	*	
V	*	*	*	(V*)	
-	*	*	*	(ARG1*)	
-	*	*	*	(ARGM-TMP*	
-	*	*	*	*	
-	*	*	*	*	
-	*	*	*	*	
-	*	*	*	*	
-	*	*	*)	*)	
-	*	*	*	*	

-	(ARG1*	*	*	*	*	*	*	
-	*	*	*	*	*	*	*	
-	*)	*	*	*	*	*	*	
V	(V*)	*	*	*	*	*	*	
-	(ARG2*	*	*	*	*	*	*	
V	*	(V*)	*	*	*	*	*	
-	*	*	*	*	*	*	*	
-	*	*	*	*	*	*	*	
V	*)	*	(V*)	*	*	*	*	
-	*	*	*	*	*	*	*	
-	*	*	*	(ARG0*	*	*	*	
-	*	*	*	*)	*	*	*	
V	*	*	*	(V*)	*	*	*	
-	*	*	*	*	*	*	*	
-	*	*	*	(ARG1*)	*	*	*	
-	*	*	*	*	*	*	*	
-	*	*	*	*	(ARG1*	*	*	
-	*	*	*	*	*)	*	*	
V	*	*	*	*	(V*)	*	*	
-	*	*	*	*	*	*	*	
V	*	*	*	*	(ARG2*	(V*)	*	
-	*	*	*	*	*)	*	*	
-	*	*	*	*	(ARGM-TMP*	*	*	
-	*	*	*	*	*	*	*	
-	*	*	*	*	*	*	*	
-	*	*	*	*	*)	*	*	
-	*	*	*	*	*	*	*	
V	*	*	*	*	*	*	(V*)	
-	*	*	*	*	*	*	*	
-	*	*	*	*	*	*	*	
-	*	*	*	*	*	*	*	

-	(ARGM-DIS*)	*	
-	*	*	
-	(ARG1*)	*	
V	(V*)	*	
-	(ARG2*	(ARGM-EXT*)	
V	*	(V*)	
-	*)	*	

-	(ARG0*)	*	*	
V	(V*)	*	*	
-	(ARG1*	*	*	
-	*)	*	*	
-	*	*	*	
V	*	(V*)	*	
-	*	*	*	
-	*	(ARG1*)	*	
-	*	(ARGM-TMP*)	*	
-	*	(ARGM-LOC*	*	
-	*	*	*	
-	*	*)	*	
-	*	*	*	
-	*	*	*	
-	*	*	(ARG0*	
-	*	*	*	
-	*	*	*	
-	*	*	*	
-	*	*	*	
-	*	*	*)	
V	*	*	(V*)	
-	*	*	*	
-	*	*	(ARG1*)	
-	*	*	(ARGM-MNR*)	
-	*	*	*	

-	(ARG0*)	*	
V	(V*)	*	
-	(ARG1*	*	
-	*	*	
-	*	*	
-	*	*	
V	*)	(V*)	
-	*	*	

-	(ARG0*)	
-	(ARGM-MOD*)	
V	(V*)	
-	(ARG1*)	
-	(ARGM-TMP*)	
-	*	

-	
-	
-	
-	

-	(ARG0*)	*	
V	(V*)	*	
-	(ARG2*	(ARG1*	
-	*	*)	
V	*	(V*)	
-	*	*	
-	*	*	
-	*	*	
-	*)	*	
-	*	*	

-	*	*	(ARG1*	
-	(ARG0*)	*	*	
V	(V*)	*	*	
-	(ARG1*)	*	*)	
-	*	*	*	
-	*	*	(ARG0*)	
V	*	(V*)	(ARGM-MOD*)	
-	*	*	(ARGM-NEG*)	
V	*	*	(V*)	
-	*	*	(ARG1*)	
-	*	*	(ARG1*	
-	*	*	*	
-	*	*	*)	
-	*	*	*	

-	(ARG0*)	*	
-	*	*	
V	(V*)	*	
-	(ARG1*	*	
V	*)	(V*)	
-	*	*	
-	*	*	
-	*	*	
-	*	(ARG1*)	
-	*	*	
-	*	(ARGM-TMP*)	
-	*	*	

-	
-	
-	

-	(ARG1*)	
-	(ARG0*)	
V	(V*)	
-	*	
-	*	
-	*	
-	(ARG1*	
-	*)	
-	(ARGM-TMP*	
-	*	
-	*	
-	*	
-	*)	
-	*	

-	*	*	(ARG1*	*	*	*	
V	(V*)	*	*)	*	*	*	
V	*	(V*)	*	*	*	*	
V	*	*	(V*)	*	*	*	
-	*	*	(ARG1*	*	*	*	
-	*	*	*	*	*	*	
-	*	*	*)	*	*	*	
-	*	*	*	*	*	*	
-	*	*	*	*	*	*	
-	*	*	*	*	(ARG1*)	*	
V	*	*	*	(V*)	*	*	
V	*	*	*	*	(V*)	*	
-	*	*	*	*	(ARG2*	*	
-	*	*	*	*	*	*	
V	*	*	*	*	*)	(V*)	
-	*	*	*	*	*	*	

-	
-	
-	
-	

-	
-	

-	(ARG1*	*	*	*	*	*	*	
-	*	*	*	*	*	*	*	
-	*)	*	*	*	*	*	*	
V	(V*)	*	*	*	*	*	*	
-	(ARG2*)	*	*	*	*	*	*	
-	*	*	*	*	*	*	*	
-	*	*	*	*	*	*	*	
-	*	*	*	*	*	*	*	
-	*	*	*	*	*	*	*	
-	*	*	*	*	*	*	*	
-	*	(ARG1*)	*	*	*	*	*	
V	*	(V*)	*	*	*	*	*	
V	*	(ARG2*	(V*)	*	*	*	*	
-	*	*	*	*	*	*	*	
V	*	*	*	(V*)	*	*	*	
-	*	*)	*	*	*	*	*	
-	*	*	*	*	(ARG1*	*	*	
-	*	*	*	*	*	*	*	
-	*	*	*	*	*)	*	*	
V	*	*	*	*	(V*)	*	*	
-	*	*	*	*	(ARG2*	*	*	
-	*	*	*	*	*	*	*	
-	(ARG1*	*	*	*	*	*	*	
V	*	*	*	*	*	(V*)	*	
-	*	*	*	*	*	(ARG1*	*	
-	*	*	*	*	*	*	*	
-	*	*	*	*	*	*	*	
V	*)	*	*	*	*	*	(V*)	
-	(ARG1*	*	*	*	*	*	*	
-	*	*	*	*	*	*	*	
-	*	*	*	*	*	*	*	
-	*	*	*	*	*	*	*	
-	*)	*	*	*	*)	*)	*	
-	*	*	*	*	*	*	*	
-	*	*	*	*	*	*	*	
-	(ARG1*)	*	*	*	*	*	*	
-	*	*	*	*	*	*	*	

V	(V*)	*	
V	(ARG1*)	(V*)	

-	(ARG0*)	*	*	*	*	
-	*	*	*	*	*	
V	(V*)	*	*	*	*	
-	(ARG1*	*	*	*	*	
V	*	(V*)	*	*	*	
-	*	(ARG1*	*	*	*	
-	*)	*)	*	*	*	
-	*	*	*	*	*	
-	*	*	(ARG1*)	*	*	
V	*	*	(V*)	*	*	
-	*	*	(ARG2*	*	*	
-	*	*	*	*	*	
V	*	*	*)	(V*)	*	
-	*	*	*	*	*	
-	*	*	*	*	*	
-	*	(ARG1*	*	*	(ARG1*	
-	*	*	*	*	*)	
-	*	*	*	*	(ARG0*)	
-	*	*	*	*	(ARGM-MOD*)	
V	*	*)	*	*	(V*)	
-	*	*	*	*	*	

-	*	*	*	*	*	
-	*	(ARG0*)	*	*	*	
V	(V*)	(ARGM-ADV*)	*	*	*	
V	*	(V*)	*	*	*	
-	*	(ARG1*)	*	*	*	
-	*	(ARG1*	(ARG0*)	*	*	
-	*	*	(ARGM-MOD*)	*	*	
V	*	*	(V*)	*	*	
-	*	*	(ARG1*	*	*	
V	*	*	*	(V*)	*	
-	*	*	*	(ARG1*)	*	
-	*	*	*	(ARG1*	(ARG0*)	
-	*	*	*	*	*	
V	*	*)	*)	*)	(V*)	
-	*	*	*	*	*	

-	
-	
-	

-	(ARG1*	*	*	*	*	*	
-	*)	*	*	*	*	*	
V	(V*)	*	*	*	*	*	
-	(ARG1*	*	(ARG1*	*	*	*	
-	*	*	*	*	*	*	
-	*	*	*	*	*	*	
-	*)	*	*)	*	*	*	
-	*	*	(R-ARG1*)	*	*	*	
V	*	(V*)	*	*	*	*	
-	*	*	*	*	*	*	
V	*	*	(V*)	*	*	*	
-	*	*	*	(ARG1*)	*	*	
V	*	*	*	(V*)	*	*	
-	*	*	*	(ARG2*)	*	*	
-	*	*	*	(ARG2*	*	*	
-	*	*	*	*	*	*	
-	*	*	*	*)	*	*	
-	*	*	*	*	*	(ARG1*)	
V	*	*	*	*	(V*)	(ARGM-MOD*)	
-	*	*	*	*	*	(ARGM-NEG*)	
V	*	*	*	*	*	(V*)	
-	*	*	*	*	*	*	

-	*	(ARG0*)	*	
V	(V*)	*	*	
-	*	(ARGM-NEG*)	*	
V	*	(V*)	*	
-	*	(ARG1*	*	
-	*	*)	*	
-	*	*	*	
-	*	(ARG1*)	*	
-	*	*	*	
-	*	(ARGM-ADV*	(ARG1*	
-	*	*	*)	
-	*	*	*	
V	*	*)	(V*)	
-	*	*	*	

-	
-	
-	

-	
-	
-	
-	
-	

-	
-	
-	
-	
-	

-	(ARG0*)	*	
V	(V*)	*	
-	*	*	
-	*	*	
-	*	(ARG1*)	
V	*	(V*)	
-	*	*	
-	*	*	
-	*	*	
-	*	*	
-	*	*	
-	*	(ARG1*)	
-	*	*	

-	*	(ARG0*)	*	*	*	
V	(V*)	*	*	*	*	
V	*	(V*)	*	*	*	
-	*	(ARG1*	*	*	*	
V	*	*	(V*)	*	*	
V	*	*	*	(V*)	*	
-	*	*	*	(ARG1*	*	
-	*	*	*	*	*	
-	*	*	*	*	*	
-	*	*	*	*	*	
V	*	*)	*	*)	(V*)	
-	*	*	*	*	*	

-	
-	
-	
-	

-	*	(ARG0*)	
V	(V*)	*	
V	*	(V*)	
-	*	*	
-	*	(ARG1*)	
-	*	(ARG2*	
-	*	*	
-	*	*	
-	*	*	
-	*	*)	
-	*	*	

-	(ARG0*)	*	
V	(V*)	*	
-	(ARG1*	*	
-	*	*	
-	*)	*	
-	*	*	
-	*	(ARG1*)	
V	*	(V*)	
-	*	(ARG2*	
-	*	*)	
-	*	*	

-	(ARG1*)	
V	(V*)	
-	(ARG2*	
-	*	
-	*)	

-	*	(ARG1*	*	*	
-	*	*)	*	*	
-	*	*	*	*	
V	(V*)	*	(ARGM-LVB*	*	
V	*	(V*)	*)	*	
V	*	(ARG1*)	(V*)	*	
-	*	*	*	*	
-	*	*	*	*	
V	*	*	*	(V*)	
-	*	*	*	*	
-	*	*	*	*	
-	*	*	*	(ARG2*	
-	*	*	*	*)	
-	*	*	*	*	

-	*	
V	(V*)	
-	*	
-	*	

-	(ARG0*)	*	*	
V	(V*)	*	*	
-	*	*	*	
-	(ARG1*)	*	*	
-	(ARGM-TMP*)	*	*	
-	(ARG1*	*	*	
V	*	(V*)	*	
-	*	(ARG1*	*	
-	*)	*)	*	
-	*	*	*	
-	*	*	(ARG0*	
-	*	*	*)	
V	*	*	(V*)	
-	*	*	(ARG1*)	
-	*	*	*	
-	*	*	(ARGM-TMP*)	
-	*	*	*	
-	*	*	*	

V	(V*)	
-	(ARG1*)	
-	(ARGM-TMP*)	
-	*	

V	(V*)	*	*	*	
-	*	*	*	*	
V	*	(V*)	*	*	
-	*	(ARG1*	*	*	
-	*	*	*	*	
-	*	*	*	*	
-	*	*)	*	*	
-	*	*	*	*	
V	*	*	(V*)	*	
-	*	*	*	*	
V	*	*	*	(V*)	
-	*	*	*	(ARG1*	
-	*	*	*	*	
-	*	*	*	*)	
-	*	*	*	*	

-	
-	

-	(ARG0*	
-	*)	
V	(V*)	
-	(ARG1*	
-	*	
-	*	
-	*	
-	*)	
-	*	

-	(ARG0*	*	
-	*)	*	
V	(V*)	*	
V	(ARG1*)	(V*)	
-	(ARGM-TMP*	*	
-	*	*	
-	*	*	
-	*	*	
-	*	*	
-	*	*	
-	*)	*	
-	*	*	

-	(ARGM-DIS*)	*	*	
-	(ARGM-ADV*	*	*	
-	*)	*	*	
-	(ARG1*	*	*	
-	*	*	*	
-	*)	*	*	
V	(V*)	*	*	
-	(ARGM-NEG*)	*	*	
-	*	*	*	
-	*	*	*	
-	*	*	*	
V	(ARG1*	(V*)	*	
-	*	(ARG2*	*	
-	*	*)	*	
V	*	(ARG2*	(V*)	
-	*	*	*	
-	*	*	*	
-	*	*	*	
-	*)	*)	*	

-	(ARG0*)	(ARG0*	*	
V	(V*)	*)	*	
V	*	(V*)	*	
-	*	(ARG1*)	*	
-	*	*	*	
-	*	(ARGM-TMP*)	*	
-	*	(ARGM-TMP*)	*	
-	*	*	*	
-	*	*	(ARG0*)	
-	*	*	(ARGM-MOD*)	
V	*	*	(V*)	
-	*	*	(ARG1*	
-	*	*	*)	
-	*	*	*	
-	*	*	*	
-	*	*	(ARGM-MNR*)	
-	*	*	*	

-	(ARG0*	*	*	*	*	
-	*)	*	*	*	*	
-	*	*	*	*	*	
V	(V*)	*	*	*	*	
V	(ARG1*)	(V*)	*	*	*	
-	(ARG2*	*	*	*	*	
-	*)	*	*	*	*	
V	*	*	(V*)	*	(ARG0*	
-	*	*	*	*	*	
-	*	*	*	*	*	
-	*	*	*	*	*	
-	*	*	*	*	*	
-	*	*	*	*	*)	
-	*	*	*	*	(R-ARG0*)	
V	*	*	*	(V*)	(ARGM-MOD*)	
V	*	*	*	*	(V*)	
-	*	*	*	*	(ARG1*	
-	*	*	*	*	*	
-	*	*	*	*	*)	
-	*	*	*	*	(ARGM-ADV*	
-	*	*	*	*	*)	
-	*	*	*	*	*	

-	
-	
-	
-	
-	

-	(ARG1*)	*	*	*	*	
V	(V*)	*	*	*	*	
-	*	*	*	*	*	
-	(ARG2*)	*	*	*	*	
-	*	*	*	*	*	
-	*	(ARG0*)	*	*	*	
V	*	(V*)	*	*	*	
-	*	*	*	*	*	
-	*	*	*	*	*	
-	*	(ARG1*)	*	*	*	
-	*	*	*	*	*	
-	*	*	(ARG0*)	*	*	
V	*	*	(V*)	*	*	
-	*	*	(ARG1*	*	*	
-	*	*	*)	*	*	
-	*	*	*	*	*	
-	*	*	*	(ARG1*	*	
-	*	*	*	*)	*	
V	*	*	*	(V*)	*	
V	*	*	*	(ARG2*	(V*)	
-	*	*	*	*)	*	

-	(ARG0*)	*	*	*	
V	(V*)	*	*	*	
-	(ARG1*	*	*	*	
V	*	(V*)	*	*	
-	*	(ARG1*	*	*	
-	*	*	*	*	
-	*	*)	*	*	
-	*	(ARG1*	*	*	
V	*	*	(V*)	*	
-	*	*	(ARG1*	*	
-	*	*	*	*	
-	*	*	*	*	
-	*	*	*	*	
-	*	*	*	*	
-	*	*	*	*	
V	*)	*)	*)	(V*)	
-	*	*	*	*	

V	(V*)	*	
-	(ARG1*	*	
-	*)	*	
V	*	(V*)	

-	*	(ARG0*)	*	*	*	
V	(V*)	*	*	*	*	
V	*	(V*)	*	*	*	
-	*	(ARG1*	*	*	*	
-	*	*	*	*	*	
-	*	*	*	*	*	
-	*	*	*	*	*	
-	*	*)	*	*	*	
-	*	*	*	*	*	
-	*	*	*	*	*	
-	*	*	*	(ARG1*	*	
-	*	*	*	*	*	
-	*	*	*	*)	*	
-	*	*	*	*	*	
-	*	*	*	*	*	
-	*	*	*	(ARG1*)	*	
V	*	*	(V*)	(ARGM-MOD*)	*	
V	*	*	*	(V*)	*	
-	*	*	*	(ARG2*	*	
V	*	*	*	*	(V*)	
-	*	*	*	*)	*	

-	(ARG0*)	*	*	
-	(ARGM-MOD*)	*	*	
-	(ARGM-NEG*)	*	*	
V	(V*)	*	*	
-	(ARG1*	*	*	
V	*	(V*)	*	
-	*	(ARG1*)	*	
-	*	(ARGM-TMP*)	*	
-	*	(ARG1*	*	
V	*	*	(V*)	
-	*	*	(ARG1*)	
-	*	*	(ARG1*	
-	*	*	*	
-	*	*	*	
-	*	*	*	
-	*)	*)	*)	
-	*	*	*	

-	(ARGM-DIS*)	
-	(ARG1*)	
V	(V*)	
-	(ARG2*	
-	*	
-	*	
-	*	
-	*	
-	*)	

-	(ARG1*)	*	*	
V	(V*)	*	*	
V	(ARG2*	(V*)	*	
-	*	(ARG1*	*	
-	*	*	(ARG0*)	
V	*	*	(V*)	
-	*	*	(ARG1*)	
-	*	*	(ARG1*	
-	*	*	*)	
-	*	*	(ARG2*	
-	*	*	*	
-	*	*	*	
-	*	*)	*)	
-	*)	*	*	

-	(ARG0*)	*	*	*	
V	(V*)	*	*	*	
-	(ARG1*	*	*	*	
-	*	*	*	*	
V	*	(V*)	*	*	
-	*)	*	*	*	
-	*	*	*	*	
V	*	*	(V*)	*	
-	*	*	(ARG1*	*	
-	*	*	*	*	
-	*	*	*	*	
-	*	*	*	*	
-	*	*	*)	*	
-	*	*	*	*	
-	*	*	*	*	
-	*	*	*	(ARG0*)	
V	*	*	*	(V*)	
-	*	*	*	*	

-	*	(ARGM-ADJ*	
-	*	*)	
-	(ARG1*)	*	
V	(V*)	*	
V	*	(V*)	
-	*	*	

V	(V*)	
-	(ARG1*)	
-	*	
-	*	
-	(ARGM-TMP*)	
-	*	

-	(ARG1*	*	*	
-	*)	*	*	
V	(V*)	*	*	
-	(ARG2*	*	*	
V	*	(V*)	*	
-	*	*	*	
V	*	*	(V*)	
-	*)	*	*	

-	(ARG1*	*	*	*	
-	*)	*	*	*	
V	(V*)	*	*	*	
-	(ARG2*	*	*	*	
V	*	(V*)	*	*	
-	*)	*	*	*	
-	*	*	(ARG1*	*	
-	*	*	*)	*	
V	*	*	(V*)	*	
V	*	*	(ARG2*	(V*)	
-	*	*	*)	*	

-	*	*	*	*	
-	*	*	*	*	
-	*	*	*	*	
-	*	*	*	*	
-	*	*	*	*	
V	(V*)	*	*	*	
V	*	(V*)	*	*	
-	*	(ARG1*)	*	*	
V	*	*	(V*)	*	
-	*	*	*	*	
V	*	(ARG2*)	*	(V*)	
-	*	*	*	*	

-	(ARG1*	(ARGM-LVB*	*	
-	*)	*	*	
V	(V*)	*)	*	
-	(ARGM-PRR*	*	*	
V	*)	(V*)	*	
-	(ARG2*	*	*	
-	*	*	*	
-	*	*	*	
V	*)	*	(V*)	
-	*	*	*	

-	*	(ARG0*)	*	*	*	*	
V	(V*)	*	*	*	*	*	
V	*	(V*)	*	*	*	*	
-	*	(ARG1*)	*	*	*	*	
-	*	(ARG1*	*	*	*	*	
-	*	*)	*	*	*	*	
-	*	*	*	*	*	*	
V	*	*	(V*)	*	*	*	
-	*	*	(ARG1*)	*	*	*	
-	*	*	*	*	*	*	
V	*	*	*	(V*)	*	*	
-	*	*	*	*	*	*	
-	*	*	*	(ARG1*	*	*	
V	*	*	*	*	(V*)	*	
-	*	*	*	*	(ARG1*	*	
-	*	*	*	*	*	*	
-	*	*	*	*)	*)	*	
-	*	*	*	(ARGM-PRP*	*	*	
V	*	*	*	*	*	(V*)	
-	*	*	*	*	*	(ARG1*	
-	*	*	*	*	*	*	
-	*	*	*	*)	*	*)	
-	*	*	*	*	*	*	
-	*	*	*	*	*	*	
-	*	*	*	*	*	*	
-	*	*	*	*	*	*	

-	*	*	(ARG1*)	
V	(V*)	*	*	
-	*	*	*	
V	*	(V*)	*	
V	*	*	(ARG2*)	
-	*	*	*	

V	(V*)	*	
-	*	(ARGM-NEG*)	
V	*	(V*)	
-	*	(ARG1*	
-	*	*)	
-	*	(ARGM-TMP*	
-	*	*	
-	*	*)	

-	(ARG1*	*	*	*	*	*	*	
-	*)	*	*	*	*	*	*	
V	(V*)	*	*	*	*	*	*	
-	(ARG2*	*	*	*	*	*	*	
-	*	*	*	*	*	*	*	
-	*	*	*	*	*	*	*	
-	*	(ARG0*)	*	*	*	*	*	
V	*	(V*)	*	*	*	*	*	
-	*	(ARG1*	*	*	*	*	*	
-	*	*	*	*	*	*	*	
-	*	*	*	*	*	*	*	
-	*	*	*	*	*	*	*	
-	*	*	*	*	*	*	*	
-	*	*	*	*	*	*	*	
-	*	*	*	*	*	*	*	
-	*	*	(ARG0*)	*	*	*	*	
-	*	*	(ARGM-MOD*)	*	*	*	*	
V	*	*	(V*)	*	*	*	*	
-	*	*	(ARG1*)	*	*	*	*	
-	*	*	(ARG1*	*	(ARG1*)	*	*	
V	*	*	*	(V*)	(ARGM-MOD*)	*	*	
-	*	*	*	*	(ARGM-NEG*)	*	*	
V	*	*	*	*	(V*)	*	*	
-	*	*	*	*	*	*	*	
-	*)	*)	*)	*	*	*	*	
-	*	*	*	*	*	(ARG0*)	(ARGM-MOD*	
V	*	*	*	*	*	(V*)	*)	
-	*	*	*	*	*	(ARG1*	*	
V	*	*	*	*	*	*)	(V*)	
-	*	*	*	*	*	*	*	
-	*	*	*	*	*	*	(ARG1*)	
-	*	*	*	*	*	*	*	

-	
-	
-	
-	

-	
-	
-	

-	(ARGM-MOD*)	*	*	*	*	
-	*	*	*	*	*	
-	*	*	*	*	(ARG1*	
-	(ARGM-ADV*)	*	*	*	*	
V	(V*)	*	*	*	*	
-	(ARG1*	*	*	*	*	
V	*)	(V*)	*	*	*)	
V	*	*	(V*)	*	*	
-	*	*	(ARG1*)	*	*	
-	*	*	(ARG1*	(ARG0*)	*	
V	*	*	*	(V*)	*	
-	*	*	*	(ARG1*	*	
-	*	*	*	*)	*	
V	*	*	*	(ARG1*	(V*)	
-	*	*	*	*	(ARG1*	
-	*	*	*	*	*	
-	*	*	*	*	*	
-	*	*	*	*	*)	
-	*	*	*	*	(ARGM-LOC*	
-	*	*	*	*	*	
-	*	*	*)	*)	*)	
-	*	*	*	*	*	

-	*	*	
-	*	*	
-	*	*	
-	*	*	
V	(V*)	*	
-	*	*	
-	*	(ARG1*	
-	*	*	
-	*	*)	
-	*	*	
-	*	*	
-	*	*	
-	*	*	
-	*	*	
-	*	*	
-	*	*	
-	*	(ARG2*)	
V	*	(V*)	

-	

V	(V*)	*	*	*	
-	*	*	*	*	
-	(ARGM-ADJ*)	*	*	*	
-	(ARG1*)	*	*	*	
-	(ARG1*	*	*	*	
V	*)	(V*)	*	*	
-	*	*	*	*	
-	*	(ARG1*)	*	*	
-	*	*	*	*	
-	*	*	*	*	
-	*	*	*	*	
-	*	*	*	*	
-	*	*	*	*	
-	*	*	*	*	
V	*	*	(V*)	*	
-	*	(ARG1*	*	(ARGM-NEG*)	
V	*	*	*	(V*)	
-	*	*)	*	(ARG1*)	
-	*	*	*	*	

V	(V*)	*	
-	(ARG1*	*	
-	*)	*	
-	(ARG1*	*	
-	*	*	
-	*	*	
-	*	*	
-	*)	*	
V	(ARG1*	(V*)	
-	*	*	
-	*	*	
-	*	*	
-	*	*	
-	*)	*	
-	*	*	

V	(V*)	
-	*	
-	*	
-	*	
-	*	
-	*	
-	*	
-	*	
-	*	
-	*	

-	
-	

-	*	
-	*	
V	(ARG1*)	
-	*	
-	(ARG1*)	
-	*	
-	*	

-	(ARG1*	*	*	*	*	*	
-	*)	*	*	*	*	*	
V	(V*)	*	*	*	*	*	
V	(ARG2*	(V*)	*	*	*	*	
-	*	*	*	*	*	*	
-	*	*	*	*	*	*	
V	*	*	(V*)	*	*	*	
-	*	*	*	*	*	*	
-	*	*	*	*	*	*	
V	*	*	*	(V*)	*	*	
-	*)	*	*	*	*	*	
-	*	*	*	*	(ARG1*)	*	
V	*	*	*	*	(V*)	*	
V	*	*	*	*	(ARG2*)	(V*)	
-	*	*	*	*	*	(ARGM-MOD*)	
-	*	*	*	*	*	*	
-	*	*	*	*	*	*	

-	(ARG1*)	*	*	*	
V	(V*)	*	*	*	
-	(ARG2*	*	*	*	
-	*	*	*	*	
-	*	*	*	*	
-	*	*	*	*	
-	*	*	*	*	
-	*	*	*	*	
V	*	(V*)	*	*	
-	*	(ARG1*	*	*	
V	*	*	(V*)	*	
-	*	*)	*	*	
V	*	*	*	(V*)	
-	*)	*	*	*	

-	(ARG0*)	*	
V	(V*)	*	
-	(ARG1*	*	
V	*	(V*)	
-	*)	(ARGM-MNR*)	
-	*	*	

-	(ARGM-ADJ*)	
-	*	
V	(V*)	

-	(ARG0*)	*	*	*	*	
V	(V*)	*	*	*	*	
-	(ARG1*	*	*	*	*	
-	*)	*	*	*	*	
-	*	(ARG0*	*	*	*	
-	*	*	*	*	*	
-	*	*)	*	*	*	
V	*	(V*)	*	*	*	
-	*	(ARGM-ADV*	*	*	*	
-	*	*	*	(ARG1*	*	
-	*	*	*	*)	*	
V	*	*	(V*)	(ARGM-MOD*)	*	
V	*	*)	*	(V*)	*	
-	*	*	*	*	*	
-	*	*	*	(ARGM-LOC*	*	
V	*	*	*	*)	(V*)	
-	*	*	*	*	*	
-	*	*	*	*	*	

-	(ARG1*)	
V	(V*)	
-	(ARGM-EXT*)	
-	(ARG2*	
-	*)	

-	(ARG1*)	*	*	*	
V	(V*)	*	*	*	
-	(ARG2*	*	*	*	
-	*	*	*	*	
-	*	*	*	*	
-	*)	*	*	*	
-	(ARG2*)	*	*	*	
V	*	(V*)	*	*	
-	*	*	(ARGM-ADV*)	*	
V	*	*	(V*)	*	
-	*	*	(ARG1*	(ARG1*)	
-	*	*	*	(ARG0*)	
-	*	*	*	(ARGM-MOD*)	
-	*	*	*	(ARGM-NEG*)	
V	*	*	*	(V*)	
-	*	*	*)	(ARG1*)	
-	*	*	*	*	

-	
-	
-	
-	
-	

-	(ARG0*	*	*	*	
-	*)	*	*	*	
-	*	*	*	*	
V	(V*)	*	*	*	
V	(ARG1*)	(V*)	*	*	
-	(ARG1*)	*	*	*	
-	*	*	*	*	
-	*	*	(ARG1*)	*	
V	*	*	(V*)	*	
-	*	*	(ARG2*	*	
V	*	*	*)	(V*)	
-	*	*	*	*	

-	(ARG2*	
-	*	
-	*)	
-	*	
-	(ARG0*)	
-	(ARGM-MOD*)	
-	(ARGM-NEG*)	
V	(V*)	
-	(ARG1*)	
-	*	

-	(ARG1*	*	*	*	*	*	
-	*	*	*	*	*	*	
-	*	*	*	*	*	*	
-	*	*	*	*	*	*	
-	*)	*	*	*	*	*	
V	(V*)	*	*	*	*	*	
V	(ARG2*)	(V*)	*	*	*	*	
-	*	*	*	*	*	*	
V	*	*	(V*)	*	*	*	
-	*	*	*	(ARGM-NEG*)	*	*	
V	*	*	*	(V*)	*	*	
-	*	*	*	(ARG1*)	*	*	
-	*	*	*	*	(ARG0*)	*	
V	*	*	*	*	(V*)	*	
-	*	*	*	*	(ARG1*	(ARG0*)	
-	*	*	*	*	*	(ARGM-MOD*)	
V	*	*	*	*	*	(V*)	
-	*	*	*	*	*)	(ARG1*)	
-	*	*	*	*	*	*	

-	(ARGM-ADJ*)	
-	*	
V	(V*)	

-	(ARG1*)	*	*	*	*	*	*	
V	(V*)	*	*	*	*	*	*	
-	*	*	*	*	*	*	*	
-	(ARG2*)	*	*	*	*	*	*	
-	*	*	*	*	*	*	*	
-	*	(ARG0*)	*	*	*	*	*	
V	*	(V*)	*	*	*	*	*	
-	*	(ARG1*	*	*	*	*	*	
V	*	*)	(V*)	*	*	*	*	
-	*	*	*	*	*	*	*	
-	*	*	*	(ARG1*)	*	*	*	
-	*	*	*	*	*	*	*	
-	*	*	*	(ARG1*)	*	*	*	
V	*	*	*	(V*)	*	*	*	
V	*	*	*	(ARG2*	(V*)	*	*	
-	*	*	*	*	*	*	*	
-	*	*	*	*	*	(ARG0*)	*	
V	*	*	*	*	*	(V*)	*	
-	*	*	*	*	*	(ARG1*	(ARG0*)	
-	*	*	*	*	*	*	(ARGM-MOD*)	
V	*	*	*	*	*	*	(V*)	
-	*	*	*	*	*	*)	(ARG1*)	
-	*	*	*	*)	*	*	*	

-	(ARG0*)	*	*	*	*	
V	(V*)	*	*	*	*	
-	*	*	*	*	*	
V	*	(V*)	*	*	(ARG1*	
-	*	*	*	*	*	
-	*	*	*	*	*	
-	*	*	*	*	*	
-	*	*	*	*	*	
V	*	*	(V*)	*	*)	
-	*	*	*	*	*	
-	*	*	*	(ARG1*)	*	
V	*	*	*	(V*)	*	
V	*	*	*	(ARG2*)	(V*)	
-	*	*	*	*	*	
-	*	*	*	*	*	
-	*	*	*	(ARG2*	*	
-	*	*	*	*	*	
-	*	*	*	*)	*	
-	*	*	*	*	*	

-	
-	
-	

-	*	*	*	(ARG1*	*	*	*	*	*	*	
-	*	*	*	*	*	*	*	*	*	*	
V	(V*)	*	*	*)	*	*	*	*	*	*	
V	*	(V*)	*	*	*	*	*	*	*	(ARG2*	
-	(ARGM-EXT*)	*	*	*	*	*	*	*	*	*	
-	*	*	*	*	*	*	*	*	*	*	
-	*	*	*	*	*	*	*	*	*	*	
-	*	*	*	*	*	*	*	*	*	*	
V	*	*	(V*)	*	*	*	*	*	*	*	
-	*	*	*	*	*	*	*	*	*	*)	
-	*	*	*	(ARG1*	*	*	*	*	*	*	
-	*	*	*	*	*	*	*	*	*	*	
-	*	*	*	*)	*	*	*	*	*	*	
V	*	*	*	(V*)	*	*	*	*	*	*	
-	*	*	*	(ARG2*	*	*	*	*	*	*	
-	*	*	*	*	*	*	*	*	*	*	
V	*	*	*	*)	(V*)	*	*	*	*	*	
-	*	*	*	*	*	*	*	*	*	*	
-	*	*	*	(ARG2*)	*	*	*	*	*	*	
-	*	*	*	*	*	*	*	*	*	*	
V	*	*	*	*	*	(V*)	(ARG0*)	*	*	*	
-	*	*	*	*	*	*	(ARGM-NEG*)	*	*	*	
V	*	*	*	*	*	*	(V*)	*	*	*	
-	*	*	*	*	*	*	(ARG1*	*	*	*	
V	*	*	*	*	*	*	*	(V*)	*	*	
V	*	*	*	*	*	*	*	(ARG1*	(V*)	*	
V	*	*	*	*	*	*	*)	*)	(ARG1*)	(V*)	
-	*	*	*	*	*	*	*	*	*	*	

-	
-	
-	
-	
-	
-	
-	
-	
-	
-	
-	

-	(ARGM-ADJ*)	
V	(V*)	
-	*	

-	
-	
-	

V	(V*)	
-	(ARG1*	
-	*)	
-	*	

V	(V*)	
-	(ARG1*	
-	*	
-	*	
-	*	
-	*)	
-	(ARG1*)	
-	*	
-	*	

-	(ARG1*)	*	
V	(V*)	*	
V	*	(V*)	
-	*	*	
-	(ARG1*)	*	
-	*	*	
-	*	*	
-	*	*	

V	(V*)	*	*	*	
-	*	*	*	*	
V	*	(V*)	*	*	
-	*	(ARG1*	*	*	
-	*	*	*	*	
-	*	*)	*	*	
-	*	*	*	*	
-	*	(ARGM-TMP*)	*	*	
-	*	*	*	*	
-	*	*	(ARG0*)	*	
V	*	*	(V*)	*	
V	*	*	(ARG1*)	(V*)	
-	*	*	*	*	

-	
-	
-	

V	(V*)	
-	*	
-	*	
-	(ARG1*)	
-	*	

-	(ARG0*)	
V	(V*)	
-	(ARG1*)	
-	*	

-	
-	
-	
-	

-	(ARG2*)	
-	*	
-	(ARGM-ADJ*)	
-	(ARGM-TMP*)	
V	(V*)	
-	*	

-	*	(ARG0*)	*	
V	(V*)	*	*	
V	*	(V*)	*	
-	*	(ARG1*	*	
-	*	*)	*	
-	*	(ARGM-TMP*	*	
-	*	*	*	
-	*	*)	*	
-	*	*	*	
-	*	*	*	
-	*	*	(ARG1*)	
-	*	*	(ARGM-MOD*)	
V	*	*	(V*)	
-	*	*	(ARG2*	
-	*	*	*	
-	*	*	*	
-	*	*	*)	
-	*	*	*	

-	(ARG0*)	*	*	*	*	
-	(ARGM-MOD*)	*	*	*	*	
V	(V*)	*	*	*	*	
-	(ARG1*	*	*	*	*	
-	*	*	*	*	*	
-	*	*	*	*	*	
-	*	*	*	*	*	
-	*)	*	*	*	*	
-	*	*	*	*	(ARG1*	
-	*	*	*	*	*	
-	*	*	*	*	*)	
-	*	*	*	*	*	
-	*	*	(ARG1*	*	*	
V	*	(V*)	*)	*	*	
V	*	*	(V*)	*	*	
V	*	*	(ARG2*	(V*)	*	
-	*	*	*	*	*	
V	*	*	*)	*	(V*)	
-	*	*	*	*	*	

-	(ARG1*)	*	
V	(V*)	*	
-	(ARG2*	*	
-	*	*	
-	*	*	
-	*	*	
V	*	(V*)	
-	*)	*	

-	(ARG1*)	(ARGM-MOD*	*	*	*	
V	(V*)	*)	*	*	*	
V	*	(V*)	*	*	*	
-	*	(ARG2*	*	*	*	
-	*	*	*	*	*	
-	*	*	*	*	*	
-	(ARG1*	*	*	*	*	
-	*	*	*	*	*	
-	*	*	*	*	*	
-	*	*	(ARG0*	(ARGM-MOD*	*	
-	*	*	*)	*	*	
V	*)	*	(V*)	*)	*	
-	*	*	*	*	*	
-	*	*	*	(ARG0*)	*	
V	*	*	*	(V*)	*	
-	*	*	*	(ARG1*	*	
-	*	*)	*	*)	*	
-	*	*	*	*	*	
-	*	*	*	*	(ARG1*)	
-	*	*	*	*	*	
-	*	*	*	*	(ARG1*	
-	*	*	*	*	*)	
V	*	*	*	*	(V*)	
-	*	*	*	*	(ARG2*	
-	*	*	*	*	*	
-	*	*	*	*	*)	

-	(ARG1*	*	*	
-	*	*	*	
-	*)	*	*	
-	(ARG0*)	*	*	
V	(V*)	*	*	
-	(ARG1*	*	*	
-	*	*	*	
-	*)	*	*	
-	*	*	*	
-	*	(ARG1*)	*	
V	*	(V*)	*	
-	*	*	*	
V	*	(ARG2*)	(V*)	
-	*	*	*	

-	

-	(ARG1*)	
V	(V*)	
-	(ARG2*	
-	*	
-	*	
-	*	
-	*	
-	*	
-	*	
-	*)	

-	*	
V	(V*)	
-	*	

-	*	*	
-	(ARG0*)	*	
V	(V*)	*	
-	(ARG1*	*	
-	*)	*	
-	*	*	
-	*	(ARG0*)	
-	*	(ARGM-MOD*)	
V	*	(V*)	
-	*	*	
-	*	(ARGM-LOC*	
-	*	*	
-	*	*	
-	*	*)	
-	*	*	

-	*	*	
-	(ARG1*)	*	
V	(V*)	*	
V	(ARG2*	(V*)	
-	*)	*	

-	(ARG0*)	
V	(V*)	
-	(ARG1*	
-	*)	
-	*	
-	*	
-	(ARGM-TMP*)	
-	*	

-	
-	
-	
-	

-	
-	
-	

-	
-	
-	
-	
-	
-	
-	
-	

-	(ARG1*	*	*	*	
-	*)	*	*	*	
V	(V*)	*	*	*	
V	(ARG2*	(V*)	*	*	
-	*	*	*	*	
V	*	*	(V*)	*	
-	*	*	*	*	
-	*	*	*	(ARG0*)	
V	*	*	*	(V*)	
-	*	*	*	(ARG1*	
-	*	*	*	*)	
-	*	*	*	(ARG1*)	
-	*	*	*	(ARG2*	
-	*	*	*	*	
-	*)	*	*	*)	
-	*	*	*	*	

-	(ARG1*	*	*	
-	*	*	*	
-	*	*	*	
-	*	*	*	
-	*	*	*	
-	*	*	*	
-	*)	*	*	
V	(V*)	*	*	
-	(ARG2*	(ARGM-EXT*)	*	
V	*	(V*)	*	
-	*	(ARG2*	*	
V	*)	*)	(V*)	
-	*	*	*	
-	*	*	(ARGM-MNR*)	
-	*	*	*	

-	(ARG0*)	
-	(ARGM-MOD*)	
V	(V*)	
-	*	
-	(ARG1*)	
-	(ARG2*	
-	*	
-	*)	
-	*	

-	
-	

-	*	(ARGM-DIS*)	*	*	*	*	
-	*	*	*	*	*	*	
-	*	(ARG0*)	*	*	*	*	
V	(V*)	(ARGM-MOD*)	*	*	*	*	
-	*	(ARGM-NEG*)	*	*	*	*	
V	*	(V*)	*	*	*	*	
-	*	(ARG1*	*	*	*	*	
V	*	*)	(V*)	*	*	*	
-	*	*	*	*	*	*	
-	*	*	*	*	*	*	
-	*	*	*	*	*	*	
-	*	*	*	*	*	*	
-	*	*	*	*	*	*	
-	*	*	*	(ARG0*)	*	*	
-	*	*	*	*	*	*	
-	*	*	*	(ARG0*)	*	*	
V	*	*	*	(V*)	*	*	
-	*	*	*	*	*	*	
-	*	*	*	*	*	*	
-	*	*	*	(ARG1*)	*	*	
-	*	*	*	*	(ARG0*)	*	
V	*	*	*	*	(V*)	*	
-	*	*	*	*	(ARG1*	*	
-	*	*	*	*	*)	*	
-	*	*	*	*	(ARG1*)	*	
-	*	*	*	*	*	*	
V	*	*	*	*	*	(V*)	
-	*	*	*	*	*	(ARG1*	
-	*	*	*	*	*	*)	
-	*	*	*	*	*	(ARG2*	
-	*	*	*	*	*	*	
-	*	*	*	*	*	*	
-	*	*	*	*	*	*	
-	*	*	*	*	*	*	
-	*	*	*	*	*	*)	
-	*	*	*	*	*	*	

-	*	*	
-	(ARG1*)	*	
V	(V*)	*	
-	(ARG2*	(ARGM-EXT*)	
V	*)	(V*)	
-	(ARG2*	*	
-	*	*	
-	*	*	
-	*	*	
-	*)	*	

-	
-	
-	
-	

-	(ARG0*)	*	
V	(V*)	*	
-	(ARG1*)	*	
-	*	*	
-	*	*	
-	(ARG1*)	*	
-	*	(ARG1*	
-	*	*	
-	*	*)	
-	*	*	
-	*	(ARG1*)	
V	*	(ARGM-MOD*)	
-	*	(ARG2*	
-	*	*)	
-	*	*	

-	(ARG1*	*	*	
-	*)	*	*	
V	(V*)	*	*	
-	(ARG2*	(ARGM-EXT*)	*	
V	*	(V*)	*	
-	*	*	*	
V	*	*	(V*)	
-	*)	*	*	

-	*	(ARG1*)	*	*	*	
-	(ARGM-MOD*)	*	*	*	*	
V	(V*)	*	*	*	*	
-	(ARG2*	*	*	*	*	
-	*	*	*	*	*	
-	*	*	*	*	*	
-	*	*	*	*	*	
-	*	*	*	*	*	
-	*)	*	*	*	*	
-	*	*	*	*	*	
-	*	(ARGM-ADV*)	*	*	*	
V	*	(V*)	*	*	*	
-	*	(ARG1*)	*	*	*	
-	*	(ARG1*	*	*	*	
-	*	*)	*	*	*	
-	*	*	(ARG0*)	*	*	
V	*	*	(V*)	*	*	
-	*	*	*	*	*	
-	*	*	*	(ARG1*)	*	
V	*	*	*	(V*)	*	
-	*	*	*	(ARG2*	*	
V	*	*	*	*)	(V*)	
-	*	*	*	*	*	

-	(ARG0*)	*	*	
-	(ARGM-NEG*)	*	*	
V	(V*)	*	*	
-	(ARG1*	*	*	
V	*	(V*)	*	
-	*	(ARG1*	*	
-	*	*)	*	
-	*	(ARG1*	*	
-	*	*	(ARG0*)	
V	*)	*)	(V*)	
-	*	*	*	
-	*	*	*	
-	(ARG1*)	*	(ARGM-TMP*	
-	*	*	*)	
-	*	*	*	

-	*	(ARGM-DIS*)	*	*	*	*	
-	*	*	*	*	*	*	
-	*	(ARG0*)	*	*	*	*	
V	(V*)	(ARGM-MOD*)	*	*	*	*	
V	*	(V*)	*	*	*	*	
-	*	(ARG1*)	*	*	*	*	
-	(ARG1*	*	(ARG0*	*	*	*	
-	*	*	*)	*	*	*	
-	*	*	*	*	*	*	
V	*)	*	(V*)	*	*	*	
-	*	*	*	(ARG1*	*	*	
-	*	*	*	*	*	*	
-	*	*	*	*)	*	*	
-	*	*	*	*	*	*	
V	*	*	*	(V*)	*	*	
-	*	*	*	(ARG1*	*	*	
V	*	*	*	*	(V*)	*	
V	*	*	*	*)	(ARG1*)	(V*)	
-	*	*	*	*	*	*	

-	*	(ARG1*	*	*	*	*	
-	*	*)	*	*	*	*	
V	(V*)	*	*	*	*	*	
-	*	(ARGM-NEG*)	*	*	*	(ARG1*	
-	*	(ARGM-NEG*)	*	*	*	*	
V	*	(V*)	*	*	*	*	
-	*	(ARG1*	*	*	*	*	
V	*	*	(V*)	*	*	*	
-	*	*	(ARG1*)	*	*	*	
-	*	*	*	*	(ARG0*)	*	
V	*	*	*	(V*)	*	*	
V	*	*	(ARG1*	*	(V*)	*	
-	*	*	*	*	*	*)	
-	*	*	*	*	*	(ARG0*)	
V	*	*)	*)	*	*	(V*)	
-	*	*	*	*	*	*	

-	
-	
-	

-	(ARG1*)	*	*	*	*	*	*	*	
V	(V*)	*	*	*	*	*	*	*	
V	(ARG2*	(V*)	*	*	*	*	*	*	
-	*	*	*	*	*	*	*	*	
-	*	*	*	*	*	*	*	*	
-	*)	*	*	*	*	*	*	*	
-	*	*	*	*	*	*	*	*	
-	*	*	*	*	*	(ARG0*)	*	*	
V	*	*	(V*)	*	*	*	*	*	
V	*	*	*	(V*)	*	*	*	(ARG1*	
-	*	*	*	*	*	(ARG0*)	*	*	
-	*	*	*	*	*	(ARGM-MOD*)	*	*	
V	*	*	*	*	(V*)	(ARGM-NEG*)	*	*	
V	*	*	*	*	*	(V*)	*	*	
-	*	*	*	*	*	(ARG1*	*	*	
-	*	*	*	*	*	*	*	*	
-	*	*	*	*	*	*	*	*	
-	*	*	*	*	*	*	*	*	
-	*	*	*	*	*	*	*	*	
-	*	*	*	*	*	*	*	*	
V	*	*	*	*	*	*	(V*)	*)	
-	*	*	*	*	*	*	(ARG1*	*	
V	*	*	*	*	*	*	*	(V*)	
-	*	*	*	*	*	*)	*)	(ARG1*)	
-	*	*	*	*	*	*	*	*	

-	(ARG0*)	*	*	
V	(V*)	*	*	
-	(ARG1*	*	*	
-	*	*	*	
-	*	*	*	
-	*)	*	*	
-	(ARGM-TMP*)	*	*	
-	*	(R-ARG0*)	*	
V	*	(V*)	*	
-	*	*	*	
-	*	(ARGM-LOC*)	*	
-	*	(ARGM-LOC*	*	
-	*	*	*	
-	*	*	*	
V	*	*)	(V*)	
-	*	*	*	

-	(ARGM-DIS*)	
V	(V*)	
-	(ARG1*)	
-	*	
-	(ARG2*)	
-	(ARGM-TMP*)	
-	*	

-	*	
V	(V*)	

-	(ARGM-DIS*)	*	*	*	*	*	*	*	*	*	
-	*	*	*	*	*	*	*	*	*	*	
-	*	*	*	*	*	*	*	*	*	*	
-	*	*	*	*	*	*	*	*	*	*	
-	(ARG1*)	*	*	*	*	*	*	*	*	*	
V	(V*)	*	*	*	*	*	*	*	*	*	
V	(ARG2*)	(V*)	*	*	*	*	*	*	*	*	
-	(ARG2*	*	*	*	*	*	*	*	*	*	
-	*	*	*	*	*	*	*	*	*	*	
-	*)	*	*	*	*	*	*	*	*	*	
-	*	*	(ARG1*	*	*	*	*	*	*	*	
-	*	*	*	*	*	*	*	*	*	*	
-	*	*	*	*	*	*	*	*	*	*	
-	*	*	*)	*	*	*	*	*	*	*	
-	*	*	(ARG0*)	*	*	*	*	*	*	*	
V	*	*	(V*)	*	*	*	*	*	*	*	
-	*	*	(ARG1*	*	*	*	*	*	*	*	
V	*	*	*	(V*)	*	*	*	*	*	*	
-	*	*	*	(ARG1*	*	*	*	*	*	*	
-	*	*	*)	*)	*	*	*	*	*	*	
V	*	*	*	*	(V*)	*	*	*	*	*	
-	(ARGM-EXT*	*	*	*	*	*	*	*	*	*	
-	*	*	*	*	*	*	*	*	*	*	
-	*	*	*	*	*	(ARG1*)	*	*	*	*	
-	*	*	*	*	*	(ARGM-MOD*)	*	*	*	*	
V	*	*	*	*	*	(V*)	*	*	*	*	
-	*	*	*	*	*	(ARGM-NEG*)	*	*	*	*	
-	*	*	*	*	*	*	*	*	*	*	
V	*	*	*	*	*	(ARG2*)	(V*)	*	*	*	
-	*	*	*	*	*	*	*	*	*	*	
-	*	*	*	*	*	*	*	(ARG0*)	*	*	
V	*	*	*	*	*	*	*	(V*)	*	*	
-	*	*	*	*	*	*	*	(ARG1*)	*	*	
-	*)	*	*	*	*	*	*	*	*	*	
-	*	*	*	*	*	*	*	*	(ARG0*)	*	
-	*	*	*	*	*	*	*	*	(ARGM-MOD*)	*	
V	*	*	*	*	*	*	*	*	(V*)	*	
-	*	*	*	*	*	*	*	*	(ARG1*)	*	
-	*	*	*	*	*	*	*	*	(ARG1*	*	
-	*	*	*	*	*	*	*	*	*	*	
-	*	*	*	*	*	*	*	*	*	*	
-	(ARG1*	*	*	*	*	*	*	*	*	*	
-	*	*	*	*	*	*	*	*	*	*	
V	*	*	*	*	*	*	*	*	*	(V*)	
-	*)	*	*	*	*	*	*	*	*)	*	

V	(V*)	*	
-	*	(ARGM-NEG*)	
V	*	(V*)	
-	*	(ARG1*	
-	*	*)	
-	*	*	
-	*	(ARGM-TMP*)	
-	*	*	

-	(ARGM-TMP*	*	*	
-	*	*	*	
-	*)	*	*	
-	(ARG0*)	*	*	
V	(V*)	*	*	
-	*	*	*	
-	(ARG1*)	*	*	
-	(ARG1*	(ARGM-MOD*)	*	
V	*	(V*)	*	
V	*)	*	(V*)	
-	*	*	*	

-	(ARG1*)	
-	*	
-	(ARGM-NEG*)	
V	(V*)	
-	*	
-	(ARG1*	
-	*	
-	*)	
-	*	

-	(ARG1*	*	*	*	*	
-	*)	*	*	*	*	
V	(V*)	*	*	*	*	
V	(ARG2*	(V*)	*	*	*	
-	*	*	*	*	*	
-	*)	*	*	*	*	
-	*	*	*	*	(ARG1*	
V	*	*	(V*)	*	*)	
-	*	*	*	*	(ARGM-MOD*)	
-	*	*	*	*	*	
V	*	*	*	(V*)	(ARGM-NEG*)	
V	*	*	*	*	(V*)	
-	*	*	*	*	*	

-	(ARG1*	*	*	*	
-	*)	*	*	*	
V	(V*)	*	*	*	
V	(ARG2*	(V*)	*	*	
-	*	*	*	*	
-	*	*	*	*	
-	*	(ARG2*	(ARG0*)	*	
V	*	*	(V*)	*	
-	*	*	(ARG1*	*	
-	*	*	*	*	
V	*	*	*	(V*)	
-	*)	*)	*)	*	

-	*	
V	(V*)	
-	*	

-	(ARG1*	*	*	*	
-	*	*	*	*	
-	*	*	*	*	
-	*	*	*	*	
-	*	*	*	*	
-	*)	*	*	*	
V	(V*)	*	*	*	
-	(ARG2*	*	*	*	
V	*	(V*)	*	*	
-	*)	*	*	*	
V	(ARG2*	*	(V*)	*	
-	*	*	*	*	
V	*)	*	*	(V*)	
-	*	*	*	*	
-	*	*	*	*	

-	(ARG0*)	*	*	*	
V	(V*)	*	*	*	
-	(ARG1*)	*	*	*	
-	(ARG1*	*	*	*	
-	*	*	*	*	
-	*	*	*	*	
V	*	(V*)	*	*	
-	*)	*	*	*	
-	(ARG1*	*	*	*	
-	*	*	*	*	
-	*	*	*	*	
-	*	*	*	*	
-	*)	*	*	*	
-	*	*	*	*	
-	*	*	*	*	
-	*	*	*	*	
V	*	*	(V*)	*	
-	*	*	(ARG1*	*	
V	*	*	*)	(V*)	
-	*	*	*	*	

-	(ARG0*)	*	
V	(V*)	*	
-	(ARG1*)	*	
-	*	*	
-	*	(ARG1*)	
-	*	*	
-	(ARG1*	(ARGM-MOD*)	
-	*	(ARGM-NEG*)	
V	*	(V*)	
-	*)	(ARG1*)	
-	*	*	

V	(V*)	

-	

-	
-	
-	
-	
-	
-	
-	

-	*	(ARGM-DIS*)	*	
-	*	*	*	
-	*	*	*	
-	*	*	*	
-	*	*	*	
V	(V*)	(ARG1*)	*	
V	*	(V*)	*	
-	*	(ARGM-NEG*)	*	
V	*	(ARG2*)	(V*)	
-	*	*	*	
-	*	*	*	
-	*	*	*	
-	*	*	*	

-	(ARG0*)	*	*	*	*	*	
-	*	*	*	*	*	*	
V	(V*)	*	*	*	*	*	
-	(ARG1*	*	*	*	*	*	
-	*)	*	*	*	*	*	
-	*	*	*	*	*	*	
V	(ARG1*	(V*)	*	*	*	*	
-	*	*	(ARG0*)	*	*	*	
-	*	*	(ARGM-MOD*)	*	*	*	
V	*	*	(V*)	*	*	*	
-	*	*	(ARG1*	*	*	*	
V	*	*	*	(V*)	*	*	
-	*)	*	*)	*	*	*	
-	*	*	*	*	*	*	
-	*	*	*	*	(ARG1*)	*	
V	*	*	*	*	(V*)	*	
-	*	*	*	*	(ARG2*	*	
V	*	*	*	*	*)	(V*)	
-	*	*	*	*	*	*	
-	(ARG1*)	*	*	(ARG2*	*	*	
-	*	*	*	*)	*	*	
-	*	*	*	*	*	*	

-	(ARG0*)	*	
-	(ARGM-MOD*)	*	
-	(ARGM-NEG*)	*	
V	(V*)	*	
-	(ARG1*	(ARG0*)	
V	*)	(V*)	
-	*	*	

-	*	
V	(V*)	

-	(ARG0*)	*	*	*	*	*	*	*	*	*	*	*	*	
V	(V*)	*	*	*	*	*	*	*	*	*	*	*	*	
-	(ARG1*	*	*	*	*	*	*	*	*	*	*	*	*	
V	*	(V*)	*	*	*	*	*	*	*	*	*	*	*	
-	*	(ARG1*	*	*	*	*	*	*	*	*	*	*	*	
-	*	*	*	*	*	*	*	*	*	*	*	*	*	
-	*	*)	*	*	*	*	*	*	*	*	*	*	*	
-	*	(ARGM-TMP*	*	*	*	*	*	*	*	*	*	*	*	
-	*	*	*	*	*	*	*	*	*	*	*	*	*	
-	*)	*)	*	*	*	*	*	*	*	*	*	*	*	
-	*	*	*	*	*	*	*	*	*	*	*	*	*	
-	*	*	*	*	*	*	*	*	*	*	*	*	*	
V	*	*	(V*)	(ARG0*)	*	*	*	*	*	*	*	*	*	
V	*	*	*	(V*)	*	*	*	*	*	*	*	*	*	
-	*	*	*	*	*	*	*	*	*	*	*	*	*	
-	*	*	*	*	*	*	*	*	*	*	*	*	*	
-	*	*	*	(ARGM-TMP*)	*	*	*	*	*	*	*	*	*	
-	*	*	*	*	*	*	*	*	*	*	*	*	*	
-	*	*	*	*	*	(ARG1*	(ARGM-MOD*	*	*	*	*	*	*	
V	*	*	*	*	(V*)	*)	*	*	*	*	*	*	*	
V	*	*	*	*	*	(V*)	*)	*	*	*	*	*	*	
V	*	*	*	*	*	*	(V*)	*	*	*	*	*	*	
V	*	*	*	*	*	*	(ARG2*	(V*)	*	*	*	*	*	
-	*	*	*	*	*	*	*)	*	*	*	*	*	*	
-	*	*	*	*	*	*	*	*	*	*	*	*	*	
-	*	*	*	*	*	*	*	*	(ARG0*)	*	*	*	*	
-	*	*	*	*	*	*	*	*	(ARGM-MOD*)	*	*	*	*	
V	*	*	*	*	*	*	*	*	(V*)	*	*	*	*	
-	*	*	*	*	*	*	*	*	(ARG1*	*	*	*	*	
-	*	*	*	*	*	*	*	*	*	*	*	*	*	
V	*	*	*	*	*	*	*	*	*)	(V*)	*	*	*	
-	*	*	*	*	*	*	*	*	*	*	*	*	*	
-	*	*	*	*	*	*	*	*	*	(ARG1*	*	*	*	
-	*	*	*	*	*	*	*	*	*	*	*	*	*	
V	*	*	*	*	*	*	*	*	*	*	(V*)	*	*	
-	*	*	*	*	*	*	*	*	*	*	*	*	*	
-	*	*	*	*	*	*	*	*	*	*)	*	*	*	
-	*	*	*	*	*	*	*	*	*	*	*	*	*	
V	*	*	*	*	*	*	*	*	*	*	*	(V*)	(ARGM-NEG*)	
-	*	*	*	*	*	*	*	*	*	*	*	*	(ARGM-NEG*)	
V	*	*	*	*	*	*	*	*	*	*	*	*	(V*)	
-	*	*	*	*	*	*	*	*	*	*	*	*	*	

-	*	(ARG0*)	
V	(V*)	(ARGM-MOD*)	
-	*	(ARGM-NEG*)	
V	*	(V*)	
-	*	(ARG1*)	
-	*	*	

-	*	
V	(V*)	

-	(ARG1*	*	*	*	
-	*)	*	*	*	
V	(V*)	*	*	*	
-	(ARG2*	*	*	*	
V	*	(V*)	*	*	
-	*)	*	*	*	
-	(ARG2*)	*	*	*	
-	*	(ARG1*	*	*	
V	*	*	(V*)	*	
-	*	*	(ARG1*)	*	
-	*	*	(ARG1*	*	
V	*	*	*	(V*)	
-	*	*	*	*	
-	*	*	*	(ARG1*	
-	*	*	*	*	
-	*	*	*	*	
-	*	*	*	*	
-	*	*)	*)	*)	

-	(ARG1*)	*	*	*	*	*	
V	(V*)	*	*	*	*	*	
-	(ARG2*)	*	*	*	*	*	
V	*	(V*)	*	*	*	*	
-	*	(ARG1*	*	*	*	*	
-	*	*	*	*	*	*	
V	*	*	(V*)	*	*	*	
-	*	*)	*	*	*	*	
-	*	*	*	*	*	*	
-	*	*	*	*	*	*	
-	*	*	*	(ARG1*)	*	*	
V	*	*	*	(V*)	*	*	
-	*	*	*	(ARG2*	*	*	
V	*	*	*	*)	(V*)	*	
-	*	*	*	*	*	*	
-	*	*	*	*	*	(ARG1*)	
V	*	*	*	*	*	(V*)	
-	*	*	*	*	*	(ARG2*	
-	*	*	*	*	*	*)	

-	*	*	(ARG1*	
-	*	*	*	
-	*	*	*	
V	(V*)	*	*)	
-	*	*	(ARG1*)	
V	*	(V*)	(ARGM-MOD*)	
V	*	*	(V*)	
-	*	*	(ARG2*)	
-	*	*	*	
-	*	*	*	
-	*	*	*	
-	*	*	*	

-	
-	
-	
-	

-	(ARG1*)	*	*	
V	(V*)	*	*	
-	(ARG2*	*	*	
-	*	*	*	
-	*	*	*	
-	*	*	*	
-	*	*	*	
-	*	*	*	
-	*)	*	*	
V	*	(V*)	(ARGM-MOD*)	
-	*	*	*	
V	*	*	(V*)	
-	*	*	(ARGM-TMP*)	
-	*	*	(ARGM-TMP*	
-	*	*	*	
-	*	*	*	
-	*	*	*)	
-	*	*	*	

-	(ARG0*)	*	
V	(V*)	*	
-	(ARG1*	*	
-	*)	*	
V	(ARG1*	(V*)	
-	*	(ARG1*)	
-	*)	(ARGM-TMP*)	
-	*	*	

-	(ARG1*)	*	*	*	
V	(V*)	*	*	*	
-	(ARG2*	*	*	*	
-	*	*	*	*	
V	*	(V*)	*	*	
-	*	*	*	*	
-	*	*	*	*	
-	*)	*	*	*	
-	*	*	(ARG1*)	*	
V	*	*	(V*)	*	
-	*	*	(ARG2*	*	
-	*	*	*	*	
V	*	*	*)	(V*)	
-	*	*	(ARG2*	*	
-	*	*	*	*	
-	*	*	*)	*	
-	*	*	*	*	

-	(ARG1*)	
V	(V*)	
-	(ARG2*	
-	*	
-	*)	

-	

-	(ARG0*	*	*	*	*	*	
-	*)	*	*	*	*	*	
V	(V*)	*	*	*	*	*	
-	(ARG1*	*	*	*	*	*	
V	*	(V*)	*	*	*	*	
-	*	(ARG1*	*	*	*	*	
-	*	*	*	*	*	*	
-	*	*	*	*	*	*	
-	*)	*)	*	*	*	*	
-	*	*	*	*	*	*	
-	*	*	*	*	*	*	
V	*	*	(V*)	*	*	*	
-	*	*	(ARG1*	*	*	*	
V	*	*	*	(V*)	*	*	
-	*	*	*	*	*	*	
-	*	*	*	(ARG1*)	*	*	
-	*	*	*	(ARG1*	*	*	
-	*	*	*	*	*	*	
V	*	*	*)	*)	(V*)	*	
-	*	*	*	*	*	*	
-	*	*	*	*	*	*	
-	*	*	*	(ARGM-ADV*	*	*	
-	*	*	*	*	*	(ARG0*)	
V	*	*	*	*	*	(V*)	
-	*	*	*	*)	*	(ARG1*)	
-	*	*	*	*	*	*	

-	*	(ARGM-DIS*)	*	
-	*	*	*	
-	*	(ARG0*)	*	
V	(V*)	(ARGM-MOD*)	*	
-	*	(ARGM-NEG*)	*	
V	*	(V*)	*	
-	*	(ARG1*	*	
-	*	*	*	
-	*	*)	*	
-	*	(ARG1*	*	
-	*	*	(ARG0*)	
V	*	*	(V*)	
-	*	*	(ARG1*)	
-	*	*	*	
-	*	*	(ARG1*)	
-	*	*	(ARG2*	
-	*	*)	*)	
-	*	*	*	

-	(ARG1*)	*	
-	(ARGM-MOD*)	*	
V	(V*)	*	
-	*	*	
-	(ARG2*)	*	
V	(ARG2*)	(V*)	

-	(ARG0*)	*	
V	(V*)	*	
-	(ARG1*	*	
-	*)	*	
-	(ARG1*	*	
V	*	(V*)	
-	*	(ARG1*	
-	*)	*)	
-	*	*	

-	*	*	*	*	*	*	(ARG0*	
V	(V*)	*	*	*	*	*	*	
-	*	*	*	*	*	*	*	
V	*	(V*)	*	*	*	*	*)	
V	*	*	(V*)	*	*	*	*	
V	*	(ARG1*)	*	(V*)	*	*	*	
-	*	*	*	*	*	*	*	
-	*	*	*	*	(ARG0*)	*	*	
V	*	*	*	*	(V*)	*	*	
-	*	*	*	*	(ARG1*)	*	*	
-	*	*	*	*	(ARG1*	(ARG0*)	*	
V	*	*	*	*	*	(V*)	*	
V	*	*	*	*	*)	(ARG1*)	(V*)	
-	*	*	*	*	*	*	*	

-	*	*	*	*	*	*	
-	(ARG0*)	*	*	*	*	*	
V	(V*)	*	*	*	*	*	
-	*	*	*	*	*	*	
-	*	*	(ARG0*)	*	*	*	
V	*	(V*)	(ARGM-ADV*)	*	*	*	
-	(ARG1*	*	*	*	*	*	
-	*	*	*	*	*	*	
-	*)	*	*	*	*	*	
-	(ARG1*	*	*	*	*	*	
V	*	*	(V*)	*	*	*	
-	*	*	(ARG1*	*	*	*	
-	*	*	*)	*	*	*	
V	*	*	(ARG1*)	(V*)	*	*	
-	*	*	*	*	*	*	
-	*	*	*	*	(ARG0*)	*	
V	*	*	*	*	(V*)	*	
-	*	*	*	*	(ARG1*	*	
-	*	*	*	*	*	*	
-	*	*	*	*	*	*	
-	*	*	*	*	*	*	
-	*)	*	*	*	*)	*	
-	*	*	*	*	*	*	
-	*	*	*	*	*	*	
-	*	*	*	*	*	(ARG1*)	
V	*	*	*	*	*	(V*)	
-	*	*	*	*	*	(ARG2*)	
-	*	*	*	*	*	(ARG2*)	
-	*	*	*	*	*	*	

-	*	
-	*	
V	(V*)	
-	*	
-	*	

-	(ARGM-DIS*)	*	*	*	*	
V	(V*)	*	*	*	*	
-	(ARG1*)	*	*	*	*	
-	(ARG1*	*	*	*	*	
V	*	(V*)	*	*	*	
-	*	(ARG1*	*	*	*	
-	*	*	(ARG1*)	*	*	
V	*	*	(V*)	*	*	
-	*)	*)	(ARG2*)	*	*	
-	(ARG1*	*	*	*	*	
V	*	*	*	(V*)	*	
-	*	*	*	(ARGM-TMP*)	*	
-	*	*	*	*	*	
V	*	*	*	(ARGM-PRP*	(V*)	
-	*	*	*	*	(ARG1*	
-	*	*	*	*	*)	
-	*	*	*	*	(ARGM-LOC*	
-	*)	*	*	*)	*)	
-	*	*	*	*	*	

-	(ARG0*)	*	*	*	*	*	*	*	
V	(V*)	*	*	*	*	*	*	*	
-	(ARG1*	*	*	*	*	*	*	*	
V	*	(V*)	*	*	*	*	*	*	
-	*	(ARG1*	*	*	*	*	*	*	
-	*	*)	*	*	*	*	*	*	
-	*	*	*	(ARG0*)	*	*	*	*	
V	*	(ARG1*)	(V*)	*	*	*	*	*	
-	*	(ARG2*	*	*	*	*	*	*	
-	*	*)	*	*	*	*	*	*	
-	*	(ARG1*	*	*	*	*	*	*	
V	*	*	*	(V*)	*	*	*	*	
V	*	*	*	(ARG1*)	(V*)	*	*	*	
-	*	*	*	*	*	*	(ARG1*	*	
-	*	*	*	*	*	*	*	*	
-	*	*	*	*	*	*	*)	*	
V	*	*	*	*	*	(V*)	*	*	
V	*	*	*	*	*	*	(V*)	*	
-	*	*	*	*	*	*	(ARG1*	*	
-	*	*	*	*	*	*	*	(ARG0*)	
V	*	*	*	*	*	*	*	(V*)	
-	*	*	*	*	*	*	*	(ARG1*	
-	*)	*)	*	*	*	*	*)	*)	
-	*	*	*	*	*	*	*	*	

V	(V*)	
-	(ARG1*)	
-	*	

-	*	
-	(ARGM-ADJ*)	
V	(ARG1*)	
-	*	

-	(ARG1*)	*	
V	(V*)	*	
V	*	(ARG2*)	
-	*	*	

-	(ARG0*)	*	
-	*	*	
V	(V*)	*	
-	(ARG1*	*	
V	*)	(V*)	
-	*	*	

-	(ARG0*)	*	
-	*	*	
V	(V*)	*	
-	(ARG2*)	*	
-	(ARG1*	(ARG0*	
-	*	*)	
V	*)	(V*)	
-	*	*	

-	(ARG1*	*	
-	*)	*	
V	(V*)	*	
-	(ARG2*	(ARGM-EXT*)	
V	*	(V*)	
-	*)	*	

-	*	(ARG1*	*	
-	(ARGM-ADJ*)	*	*	
V	(V*)	*)	*	
V	*	(V*)	*	
V	*	(ARG2*	(V*)	
-	*	*)	*	

-	(ARG0*)	*	
-	(ARGM-MOD*)	*	
-	(ARGM-NEG*)	*	
V	(V*)	*	
-	(ARG1*	*	
-	*)	*	
-	(ARGM-TMP*	*	
-	*)	*	
-	*	*	
-	*	*	
-	*	(ARG0*)	
-	*	*	
-	*	*	
-	*	(ARGM-NEG*)	
V	*	(V*)	
-	*	(ARG1*)	
-	*	(ARGM-TMP*	
-	*	*)	
-	*	*	

-	
-	
-	

-	(ARG1*	
-	*)	
-	*	
-	(ARG1*)	
V	(V*)	
-	(ARG2*)	
-	*	

V	(V*)	*	*	
-	*	*	*	
-	*	*	*	
-	*	(ARG0*)	*	
-	*	(ARGM-MOD*)	*	
-	*	(ARGM-NEG*)	*	
V	*	(V*)	*	
-	*	(ARG1*)	*	
V	*	*	(V*)	
-	*	*	*	
-	*	(ARG1*)	*	
-	*	*	*	

-	(ARG0*	
-	*)	
V	(V*)	
-	(ARG1*	
-	*	
-	*	
-	*	
-	*	
-	*	
-	*	
-	*)	
-	*	
-	*	
-	*	
-	*	
-	(ARG2*	
-	*)	
-	*	

V	(V*)	*	*	
-	(ARG1*	*	*	
V	*	(V*)	*	
-	*)	*	*	
-	(ARG1*)	(ARG1*	*	
-	*	*)	*	
-	*	*	*	
-	*	*	*	
V	*	*	(V*)	
-	*	*	*	

-	
-	
-	
-	
-	
-	

-	(ARGM-ADJ*)	
-	(ARGM-ADJ*)	
V	(ARGM-TMP*)	
-	*	

-	(ARGM-DIS*)	
V	(V*)	

-	(ARG0*)	*	*	*	
V	(V*)	*	*	*	
-	(ARG1*	*	*	*	
-	*	*	*	*	
-	*	*	*	*	
-	*	*	*	*	
-	*)	*	*	*	
-	*	*	*	*	
V	*	(V*)	*	*	
V	*	*	(V*)	*	
-	*	*	*	*	
-	*	*	(ARGM-LOC*	*	
-	*	*	*	(ARG0*)	
V	*	*	*)	(V*)	
-	*	*	*	*	

-	
-	
-	
-	
-	
-	
-	
-	

-	
-	
-	
-	
-	

-	
-	
-	
-	

V	(V*)	*	
-	(ARG2*	*	
-	*	*	
-	*	*	
V	*)	(V*)	
-	*	*	

-	(ARGM-MOD*)	*	*	
-	(ARGM-DIS*)	*	*	
V	(V*)	*	*	
-	(ARG1*)	*	*	
-	(ARG1*	(ARGM-TMP*)	*	
-	*	(ARG0*)	*	
V	*	(V*)	*	
-	*	(ARG1*	*	
V	*)	*)	(V*)	
-	*	*	*	

-	
-	
-	

-	*	(ARG0*)	*	
V	(V*)	*	*	
-	*	(ARGM-NEG*)	*	
V	*	(V*)	*	
-	*	(ARG1*	*	
-	*	*	*	
-	*	*	*	
-	*	*	*	
-	*	*)	*	
V	*	*	(V*)	
-	*	*	(ARG1*	
-	*	*	*	
-	*	*	*	
-	*	*	*	
-	*	*	*	
-	*	*	*)	
-	*	*	*	

-	*	*	*	*	*	
-	(ARG1*)	*	*	*	*	
-	*	*	*	*	*	
V	(V*)	*	*	*	*	
-	*	*	*	*	*	
V	*	(V*)	*	*	*	
-	*	(ARG2*	*	*	*	
-	*	*	*	*	*	
V	*	*	(V*)	*	*	
-	*	*	*	*	*	
-	*	*	*	*	*	
V	*	*)	*	(V*)	*	
-	*	*	*	*	(ARG0*)	
-	*	*	*	*	(ARGM-NEG*)	
V	*	*	*	*	(V*)	
-	*	*	*	*	(ARG1*)	
-	*	*	*	*	*	
-	(ARG1*)	*	*	*	*	
-	*	*	*	*	*	
-	*	*	*	*	*	
-	*	*	*	*	*	
-	*	*	*	*	(ARG2*	
-	*	*	*	*	*	
-	*	*	*	*	*	
-	*	*	*	*	*	
-	*	*	*	*	*	
-	*	*	*	*	*	
-	*	*	*	*	*	
-	*	*	*	*	*)	

-	*	
V	(V*)	
-	*	

-	
-	
-	
-	

-	*	
-	(ARG1*)	
-	*	
-	*	
V	(V*)	
-	(ARG1*)	
-	*	
-	*	
-	(ARGM-TMP*	
-	*	
-	*	
-	*	
-	*)	
-	*	
-	*	
-	*	

-	*	*	*	*	
-	*	*	*	*	
-	(ARG1*)	*	*	*	
V	(V*)	*	*	*	
-	(ARG2*	*	*	*	
-	*	(ARGM-ADJ*)	*	*	
V	*)	(V*)	*	*	
-	*	*	*	*	
V	(ARGM-ADV*)	*	(V*)	*	
-	*	*	*	*	
V	(ARGM-ADV*)	*	*	(V*)	
-	*	*	*	*	

-	(ARG1*	*	
-	*	*	
-	*)	*	
V	(V*)	*	
-	(ARG2*	*	
-	*)	*	
-	(ARG2*)	*	
-	*	*	
-	*	(ARG1*)	
V	*	(V*)	
-	*	*	
-	*	*	
-	*	*	
-	*	*	
-	*	*	
-	*	*	
-	*	*	
-	*	*	
-	*	*	
-	*	*	
-	*	*	
-	*	*	
-	*	*	

-	
-	
-	

-	*	
-	*	
-	*	
-	*	
-	*	
V	(V*)	
-	*	

V	(V*)	*	
-	*	(ARG2*	
-	*	*	
-	*	*	
-	*	*	
-	*	*	
-	*	*	
-	*	*)	
V	*	(V*)	
-	*	*	

-	(ARG0*	*	*	*	*	*	
-	*)	*	*	*	*	*	
V	(ARGM-LVB*)	*	*	*	*	*	
-	(ARG1*	*	*	*	*	*	
-	*)	*	*	*	*	*	
-	(ARG2*	*	*	*	*	*	
-	*	*	*	*	*	*	
-	*)	*	*	*	*	*	
-	*	*	*	*	*	*	
V	*	(V*)	*	*	*	*	
V	*	(ARG2*	(V*)	*	*	*	
-	*	*	(ARG2*	*	*	*	
-	*	*	*	(ARG0*)	*	*	
V	*	*)	*)	(V*)	*	*	
-	(ARG1*	*	*	*	*	*	
-	*	*	*	*	*	*	
V	*	*	*	*	(V*)	*	
-	*	*	*	*	*	*	
-	*	*	*	*	*	*	
V	*)	*	*	*	*	(V*)	
-	*	*	*	*	*	*	

-	(ARG0*	*	
-	*	*	
-	*	*	
-	*	*	
-	*)	*	
-	(ARGM-MOD*)	*	
V	(V*)	*	
-	(ARG1*	*	
-	*	*	
V	*)	(V*)	
-	*	*	
-	*	*	
-	*	(ARGM-TMP*)	
-	*	*	

-	
-	

-	*	*	(ARG1*)	*	*	
V	(V*)	*	*	*	*	
V	*	(V*)	*	*	*	
V	*	*	(V*)	*	*	
-	*	*	(ARG1*)	*	*	
-	*	*	(ARG1*	*	*	
-	*	*	*	(ARG1*)	*	
V	*	*	*	(V*)	*	
-	*	*	*	*	*	
-	*	*	*	*	*	
-	*	*	*)	*	*	
-	*	*	*	*	*	
V	*	*	*	*	(V*)	
-	*	*	*	*	(ARGM-LOC*	
-	*	*	*	*	*	
-	*	*	*	*	*	
-	*	*	*	*	*	
-	*	*	*	*	*)	
-	*	*	*	*	*	

-	*	(ARG1*	*	
-	*	*)	*	
V	(V*)	*	*	
-	*	*	*	
V	*	(V*)	*	
-	*	(ARG2*	*	
-	*	*	*	
-	*	*	*	
V	*	*	(V*)	
-	*	*)	*	

-	(ARG0*)	*	*	*	*	*	
-	(ARGM-MOD*)	*	*	*	*	*	
V	(V*)	*	*	*	*	*	
-	*	*	*	*	*	*	
-	(ARG1*)	*	*	*	*	*	
-	*	*	*	*	*	*	
-	(ARG1*)	*	*	*	*	*	
-	*	(ARG1*)	*	*	*	*	
V	*	(V*)	*	*	*	*	
-	*	(ARG2*	*	*	*	*	
V	*	*	(V*)	*	*	*	
-	*	*	(ARG1*	*	*	*	
-	*	*	*	*	*	*	
-	*	*	*	(ARGM-ADJ*)	*	*	
V	*	*)	*)	(V*)	*	*	
-	*	*	*	*	*	*	
V	*	*	*	*	(V*)	*	
V	*	*	*	*	*	(V*)	
-	*	*	*	*	*	(ARG2*	
-	*	*	*	*	*	*	
-	*	*	*	*	*	*	
-	*	*	*	*	*	*)	
-	*	*	*	*	*	*	

-	
-	

V	(V*)	*	*	*	*	*	*	*	*	*	
-	(ARG1*)	*	*	*	*	*	*	*	*	*	
-	*	*	*	*	*	*	*	*	*	*	
-	*	*	*	*	*	*	*	*	*	*	
-	*	*	*	*	*	*	*	*	*	*	
-	*	*	*	*	*	*	*	*	*	*	
-	*	*	*	*	*	*	*	*	*	*	
-	*	(ARG1*	*	*	*	*	*	*	*	*	
-	*	*)	*	*	*	*	*	*	*	*	
V	*	(V*)	*	*	*	*	*	*	*	*	
V	*	*	(V*)	*	*	*	*	*	*	*	
-	*	*	(ARG2*	(ARGM-EXT*)	*	*	*	*	*	*	
V	*	*	*)	(V*)	*	*	*	*	*	*	
-	*	*	(ARG2*	*	*	*	*	*	*	*	
-	*	*	*	*	*	*	*	*	*	*	
-	*	*	*	*	*	*	*	*	*	*	
-	*	*	*	*	*	*	*	*	*	*	
-	*	*	*	*	(ARG0*)	*	*	*	*	*	
V	*	*	*	*	(V*)	*	*	*	*	*	
-	*	*	*	*	*	*	*	*	*	*	
V	*	*	*	*	(ARG1*	(V*)	*	*	*	*	
-	*	*	*	*	*	*	(ARGM-NEG*)	*	*	*	
V	*	*	*	*	*	*	(V*)	*	*	*	
-	*	*	*	*	*	*	(ARG1*)	*	*	*	
-	*	*	*	*	*	*	*	*	*	*	
V	*	*	*	*	*	*	*	(V*)	*	*	
-	*	*	*	*	*	*	*	*	*	*	
-	*	*	*)	*	*)	*	*	*	*	*	
V	*	*	*	*	*	*	*	*	(V*)	*	
-	*	*	*	*	*	*	*	*	(ARG1*	(ARG0*)	
V	*	*	*	*	*	*	*	*	*)	(V*)	
-	*	*	*	*	*	*	*	*	*	*	
-	*	*	*	*	*	*	*	*	*	(ARG1*)	
-	*	*	*	*	*	*	*	*	*	*	

-	(ARG0*)	*	*	
-	(ARGM-MOD*)	*	*	
V	(V*)	*	*	
-	(ARG1*	*	*	
-	*)	*	*	
-	(ARG1*	*	*	
-	*	(ARG0*)	*	
-	*	(ARGM-MOD*)	*	
V	*	(V*)	*	
-	*	(ARG1*)	*	
-	*	(ARG1*	(ARG0*)	
V	*)	*)	(V*)	
-	*	*	*	

V	(V*)	
-	*	
-	*	
-	*	
-	*	

-	(ARG0*)	*	*	*	*	
V	(V*)	*	*	*	*	
V	*	(V*)	*	*	*	
-	*	(ARG1*	*	*	*	
-	*	*	*	*	*	
-	*	*	*	*	*	
-	*	*)	*	*	*	
-	*	(ARGM-LOC*	*	*	*	
-	*	*	*	*	*	
-	*	*)	*	*	*	
-	*	*	*	*	*	
-	*	*	*	*	(ARG1*)	
-	*	*	*	*	(ARGM-MOD*)	
-	*	*	*	*	*	
V	*	*	(V*)	*	*	
V	*	(ARG1*	*	(V*)	*	
V	*	*)	*	*	(V*)	
-	*	*	*	*	*	

-	(ARG0*)	*	*	*	*	*	
V	(V*)	*	*	*	*	*	
-	(ARG1*	*	*	*	*	*	
-	*	*	*	*	*	*	
-	*)	*	*	*	*	*	
-	(ARG1*	*	*	*	*	*	
V	*	(V*)	*	*	*	*	
-	*)	(ARG1*	*	*	*	*	
-	*	*	*	*	*	*	
-	*	*	*	*	*	*	
-	*	*	(R-ARG0*)	*	*	*	
-	*	*	(ARGM-MOD*)	*	*	*	
V	*	*	(V*)	*	*	*	
-	*	*	(ARG1*	*	*	*	
-	*	*	*	*	*	*	
-	(ARG1*	*	*	(ARG0*	*	*	
-	*	*	*	*	*	*	
-	*	*	*	*)	*	*	
-	*	*	*	(R-ARG0*)	*	*	
V	*	*	*	(V*)	*	*	
-	*)	*)	*)	*	*	*	
-	*	*	*	*	*	*	
-	*	*	*	(ARGM-TMP*)	*	*	
-	*	*	*	*	*	*	
-	*	*	*	*	(ARG0*	*	
-	*	*	*	*	*)	*	
V	*	*	*	*	(V*)	*	
-	*	*	*	*	(ARG1*)	*	
V	*	*	*	*	(ARG1*)	(V*)	
-	*	*	*	*	*	*	

-	(ARG1*)	*	
V	(V*)	*	
V	*	(V*)	
-	(ARG2*	*	
-	*	*	
-	*)	*	

-	*	
-	*	
-	*	
-	(ARGM-ADJ*)	
-	(ARGM-TMP*)	
V	(V*)	

-	*	(ARG0*)	*	*	*	
V	(V*)	*	*	*	*	
V	*	(V*)	*	*	*	
-	*	(ARG1*)	*	*	*	
-	*	(ARG1*	*	*	*	
-	*	*)	*	*	*	
-	*	*	*	*	*	
-	*	*	*	*	*	
-	*	*	*	(ARG1*)	*	
-	*	*	*	*	*	
V	*	*	(V*)	(ARG1*)	*	
V	*	*	*	(V*)	*	
V	*	*	*	(ARG2*	(V*)	
-	*	*	*	*	*	
-	*	*	*	*	*	
-	*	*	*	*)	*	

-	(ARG0*	*	*	*	*	
-	*)	*	*	*	*	
-	(ARG0*)	*	*	*	*	
-	(ARGM-MOD*)	*	*	*	*	
V	(V*)	*	*	*	*	
-	(ARG1*	*	*	*	*	
V	*	(V*)	*	*	*	
-	*	(ARG1*	*	*	*	
-	*	*	*	*	*	
-	*	*)	*	*	*	
-	*	(ARGM-TMP*	*	*	*	
-	*	*	*	*	*	
-	*)	*)	*	*	*	
-	*	*	*	*	*	
-	*	*	*	*	*	
V	*	*	(V*)	*	*	
V	*	*	*	(V*)	*	
-	*	*	*	(ARG1*	*	
-	*	*	*	*	*	
-	*	*	*	*	*	
V	*	*	*	*)	(V*)	
-	*	*	*	*	*	

-	
-	

-	(ARG0*)	
-	*	
V	(V*)	
-	(ARG1*	
-	*	
-	*	
-	*	
-	*	
-	*)	
-	*	

-	(ARG1*)	*	
V	(V*)	*	
-	(ARG2*	*	
V	*)	(V*)	
-	(ARG2*	*	
-	*	*	
-	*	*	
-	*	*	
-	*	*	
-	*	*	
-	*)	*	

-	(ARG0*	*	*	*	*	
-	*)	*	*	*	*	
-	(ARG1*)	*	*	*	*	
V	(V*)	*	*	*	*	
-	*	*	*	*	*	
-	*	*	*	*	*	
-	*	(ARG1*	*	*	*	
-	*	*)	*	*	*	
V	*	(V*)	*	*	*	
V	*	(ARG2*)	(V*)	*	*	
-	*	*	*	*	*	
-	*	*	*	*	*	
V	*	*	*	(V*)	(ARG1*)	
V	*	*	*	*	(V*)	
-	*	*	*	*	(ARG2*	
-	*	*	*	*	*	
-	*	*	*	*	*	
-	*	*	*	*	*)	

-	(ARG0*)	*	*	*	*	*	
V	(V*)	*	*	*	*	*	
-	(ARG1*	*	*	*	*	*	
-	*	*	*	*	*	*	
-	*	*	*	*	*	*	
-	*	*	*	*	*	*	
-	*	*	*	*	*	*	
V	*)	(V*)	*	*	*	*	
-	*	*	*	*	*	*	
-	(ARGM-TMP*)	*	*	*	*	*	
-	*	*	*	*	*	*	
-	*	*	*	*	*	*	
-	*	*	*	*	*	*	
-	*	*	*	*	*	*	
-	*	*	*	*	*	*	
-	*	*	(ARG0*)	*	*	*	
-	*	*	(ARGM-MOD*)	*	*	*	
V	*	*	(V*)	*	*	*	
-	*	*	(ARG1*	*	*	*	
-	*	*	*	*	*	*	
-	*	*	*)	*	*	*	
-	*	*	(ARG1*	*	*	*	
V	*	*	*	(V*)	*	*	
V	*	*	*	(ARG1*	(V*)	*	
-	*	*	*	*	(ARG1*)	*	
V	*	*	*)	*)	(ARGM-TMP*)	(V*)	
-	*	*	*	*	*	*	

-	
-	
-	
-	
-	

-	(ARG0*)	*	
-	(ARGM-NEG*)	*	
V	(V*)	*	
-	*	*	
-	*	*	
-	*	*	
-	*	*	
-	*	*	
-	*	*	
-	*	*	
-	*	*	
-	*	*	
-	*	*	
-	*	*	
-	*	*	
-	*	(ARG1*)	
V	*	(V*)	
-	*	(ARG2*	
-	*	*	
-	*	*)	
-	*	(ARG2*	
-	*	*	
-	*	*)	
-	*	(ARG2*	
-	*	*)	
-	*	*	

-	(ARG1*	*	*	*	*	*	
-	*)	*	*	*	*	*	
-	*	*	*	*	*	*	
V	(V*)	*	*	*	*	*	
-	(ARG2*)	*	*	*	*	*	
V	*	(V*)	*	*	*	*	
-	*	(ARG1*	*	*	*	*	
-	*	*)	*	*	*	*	
-	*	*	*	*	*	*	
-	*	*	*	*	*	*	
-	*	*	*	*	*	*	
-	*	*	(ARG1*)	*	*	*	
V	*	*	(V*)	*	*	*	
V	*	*	(ARG2*)	(V*)	*	*	
-	*	*	(ARG2*	*	*	*	
-	*	*	*	*	*	*	
-	*	*	*	*	*	*	
-	*	*	*	*	*	*	
V	*	*	*	*	(V*)	*	
-	*	*	*	*	*	*	
V	*	*	*)	*	*	(V*)	
-	*	*	*	*	*	*	
-	*	*	*	*	*	*	
-	*	*	*	*	*	(ARGM-LOC*)	

-	
-	
-	
-	

-	(ARG1*	*	
-	*)	*	
V	(V*)	*	
-	*	*	
-	(ARG2*)	*	
-	(ARG2*	*	
-	*	*	
V	*	(V*)	
-	*	(ARG1*)	
-	*	*	
-	*	*	
-	*	*	
-	*)	*	

-	*	(ARG1*	*	*	*	*	
V	(V*)	*)	*	*	*	*	
V	*	(V*)	*	*	*	*	
V	*	(ARG2*	(V*)	*	*	*	
-	*	*	*	*	*	*	
V	*	*	*	(V*)	*	*	
-	*	*	*	*	*	*	
-	*	*)	*	*	*	*	
-	*	*	*	*	*	(ARG1*)	
-	*	*	*	*	*	(ARGM-MOD*)	
V	*	*	*	*	(V*)	(ARGM-NEG*)	
-	*	*	*	*	*	(ARGM-NEG*)	
V	*	*	*	*	*	(V*)	
-	*	*	*	*	*	*	
-	*	*	*	*	*	*	
-	*	*	*	*	*	(ARG2*	
-	*	*	*	*	*	*	
-	*	*	*	*	*	*	
-	*	*	*	*	*	*	
-	*	*	*	*	*	*	
-	*	*	*	*	*	*)	

-	(ARG0*)	*	*	
V	(V*)	*	*	
-	(ARG1*	*	*	
-	*	*	*	
-	*	*	*	
-	*	*	*	
-	*)	*	*	
-	*	*	*	
-	*	*	(ARG1*)	
V	*	(V*)	(ARGM-MOD*)	
-	*	*	*	
-	*	*	*	
-	*	(ARG2*	*	
-	*	*)	*	
-	*	*	(ARG0*)	
V	*	*	(V*)	
-	*	*	(ARG1*	
-	*	*	*)	
-	*	*	*	

-	
-	
-	

-	(ARG0*)	*	
V	(V*)	*	
-	(ARG1*	*	
-	*	*	
-	*)	*	
-	*	(ARG1*	
-	*	*	
-	*	*)	
V	*	(V*)	
-	*	(ARG2*)	
-	*	*	
-	*	*	
-	*	*	
-	(ARG1*	*	
-	*	*	
-	*	*	
-	*	*	
-	*	*	
-	*	*	
-	*	*	
-	*)	*	
-	*	*	

V	(V*)	*	*	*	
-	*	*	*	*	
-	*	(ARGM-ADV*)	*	*	
V	*	(V*)	*	*	
-	*	(ARG1*)	*	*	
-	*	(ARGM-TMP*)	*	*	
-	*	*	*	*	
-	*	*	*	*	
-	(ARG0*)	*	*	*	
-	*	*	*	(ARG1*)	
-	*	*	*	*	
-	*	*	(ARG1*	*	
-	*	*	*)	*	
V	*	*	(V*)	*	
V	*	*	(ARG2*)	(V*)	
-	*	*	*	*	

-	*	(ARGM-TMP*	*	*	
-	*	*	*	*	
-	(ARGM-ADJ*)	*	*	*	
V	(V*)	*)	*	*	
-	*	*	*	*	
-	*	(ARG0*)	*	*	
V	*	(V*)	*	*	
-	*	(ARG1*	*	*	
V	*	*)	(V*)	*	
-	*	*	*	*	
-	*	*	*	(ARG0*)	
V	*	*	*	(V*)	
-	*	*	*	(ARGM-LOC*	
-	*	*	*	*	
-	*	*	*	*)	
-	*	*	*	*	

-	
-	
-	
-	
-	
-	
-	

-	(ARG0*)	*	
V	(V*)	*	
-	*	*	
-	(ARG1*	*	
-	*)	*	
-	*	*	
-	*	*	
V	(ARG1*)	(V*)	
-	(ARG1*)	*	
-	*	*	
-	*	*	

V	(V*)	*	
V	*	(V*)	
-	*	*	
-	*	*	
-	*	*	
-	*	*	
-	*	*	

-	(ARG1*)	
V	(V*)	
-	(ARG2*)	
-	(ARG2*	
-	*	
-	*	
-	*	
-	*)	

-	(ARG1*)	*	*	*	*	
V	(V*)	*	*	*	*	
-	(ARG2*	*	*	*	*	
V	*	(V*)	*	*	*	
-	*	*	*	*	*	
-	*	*	*	*	*	
-	*	*	*	*	*	
-	*	*	*	*	*	
V	*	*	(V*)	*	*	
-	*	*	*	*	*	
-	*	*	*	(ARG0*)	*	
V	*	*	*	(V*)	*	
-	*	*	*	(ARG1*	*	
-	*	*	*	*	*	
-	*	*	*	*	*	
V	*	*	*	*)	(V*)	
-	*)	*	*	*	*	

-	(ARGM-DIS*)	
V	(V*)	
-	*	

V	(V*)	
-	(ARG1*)	

-	
-	
-	

-	*	
-	*	
-	(ARG1*)	
V	(V*)	
-	*	
-	(ARG1*)	
-	*	
-	*	
-	*	
-	*	

-	(ARG0*)	*	*	*	*	
V	(V*)	*	*	*	*	
-	(ARG1*	*	*	*	*	
-	*	*	*	*	*	
-	*	*	*	*	*	
-	*)	*	*	*	*	
V	(ARG1*	(V*)	*	*	*	
-	*	*	*	*	*	
V	*	*	(V*)	*	*	
-	*	*	(ARG1*	*	*	
-	*	*	*	*	*	
-	*)	*	*)	*	*	
-	*	*	*	*	*	
-	(ARG1*	*	*	*	*	
-	*	*	*	*	*	
-	*)	*	*	*	*	
-	*	*	*	*	*	
V	*	*	*	(V*)	*	
-	*	*	*	(ARG1*	*	
-	*	*	*	*	*	
V	*	*	*	*)	(V*)	
-	*	*	*	*	*	
-	*	(ARG2*	*	*	*	
-	*	*	*	*	*	
-	*	*)	*	*	*	
-	*	*	*	*	*	

-	(ARG0*)	*	*	*	*	*	*	*	*	*	
V	(V*)	*	*	*	*	*	*	*	*	*	
-	*	(ARG1*)	*	*	*	*	*	*	*	*	
V	*	(V*)	*	*	*	*	*	*	*	*	
V	*	(ARG2*	(V*)	*	*	*	*	*	*	*	
-	*	*	*	*	*	*	*	*	*	*	
V	*	*	*	(V*)	*	*	*	*	*	*	
-	*	*	*	*	*	*	*	*	*	*	
V	*	*	*	*	(V*)	*	*	*	*	*	
-	*	*	(ARG2*	*	*	*	*	*	*	*	
V	*	*	*	*	*	(V*)	*	*	*	*	
-	*	*	*	*	*	(ARG1*	*	*	*	*	
-	*	*	*	*	*	*	*	*	*	*	
V	*	*	*	*	*	*	(V*)	*	*	*	
-	*	*)	*)	*	*	*)	*	*	*	*	
V	*	*	*	*	*	*	*	(V*)	*	*	
V	*	*	*	*	*	*	*	(ARG1*)	(V*)	*	
-	*	*	*	*	*	*	*	*	*	*	
V	*	*	*	*	*	*	*	*	*	(V*)	
-	*	*	*	*	*	*	*	*	*	*	

